1468.75
1429.6875
1257.8125
1382.8125
1421.875
1359.375
1445.3125
1343.75
1351.5625
1554.6875
1343.75
1453.125
1500.0
1375.0
1328.125
1500.0
1421.875
1437.5
1476.5625
1359.375
1468.75
1406.25
1281.25
1492.1875
1414.0625
1312.5
1445.3125
1343.75
1304.6875
1484.375
1406.25
1343.75
1468.75
1375.0
1343.75
1437.5
1351.5625
1421.875
1531.25
1257.8125
1375.0
1351.5625
1312.5
1382.8125
1250.0
1367.1875
1320.3125
1179.6875
1484.375
1468.75
1351.5625
1507.8125
1414.0625
1304.6875
1500.0
1398.4375
1343.75
1554.6875
1375.0
1429.6875
1515.625
1390.625
1593.75
1492.1875
1500.0
1492.1875
1343.75
1421.875
1476.5625
1312.5
1398.4375
1492.1875
1328.125
1468.75
1398.4375
1304.6875
1367.1875
1226.5625
1554.6875
1546.875
1468.75
1656.25
1437.5
1382.8125
1484.375
1289.0625
1375.0
1437.5
1273.4375
1484.375
1367.1875
1351.5625
1500.0
1414.0625
1257.8125
1523.4375
1414.0625
1421.875
1515.625
1375.0
1460.9375
1437.5
1265.625
1390.625
1312.5
1382.8125
1500.0
1335.9375
1398.4375
1304.6875
1281.25
1484.375
1390.625
1429.6875
1437.5
1320.3125
1437.5
1398.4375
1351.5625
1523.4375
1421.875
1468.75
1476.5625
1414.0625
1554.6875
1445.3125
1460.9375
1492.1875
1375.0
1437.5
1500.0
1390.625
1515.625
1460.9375
1289.0625
1492.1875
1445.3125
1367.1875
1531.25
1421.875
1445.3125
1500.0
1351.5625
1531.25
1437.5
1414.0625
1484.375
1367.1875
1429.6875
1453.125
1312.5
1375.0
1460.9375
1398.4375
1367.1875
1546.875
1421.875
1312.5
1562.5
1304.6875
1351.5625
1437.5
1375.0
1585.9375
1414.0625
1523.4375
1507.8125
1414.0625
1515.625
1421.875
1390.625
1507.8125
1289.0625
1445.3125
1539.0625
1421.875
1406.25
1507.8125
1421.875
1453.125
1585.9375
1390.625
1500.0
1468.75
1414.0625
1523.4375
1445.3125
1421.875
1476.5625
1320.3125
1421.875
1476.5625
1382.8125
1492.1875
1382.8125
1367.1875
1453.125
1343.75
1359.375
1523.4375
1351.5625
671.875
1617.1875
1414.0625
1500.0
1492.1875
1195.3125
1156.25
1257.8125
1500.0
1593.75
1351.5625
1570.3125
1484.375
1437.5
1625.0
1390.625
1492.1875
1460.9375
1539.0625
1515.625
1453.125
1546.875
1390.625
1484.375
1484.375
1414.0625
1492.1875
1460.9375
1468.75
1515.625
1406.25
1421.875
1492.1875
1460.9375
1570.3125
1437.5
1382.8125
1500.0
1406.25
1421.875
1523.4375
1414.0625
1562.5
1429.6875
1375.0
1500.0
1304.6875
1273.4375
1367.1875
1148.4375
1390.625
1320.3125
1273.4375
1375.0
1273.4375
1375.0
1406.25
1304.6875
1343.75
1335.9375
1398.4375
1453.125
1453.125
1359.375
1468.75
1398.4375
1460.9375
1562.5
1421.875
1500.0
1585.9375
1359.375
1445.3125
1429.6875
1414.0625
1585.9375
1359.375
1375.0
1617.1875
1476.5625
1546.875
1554.6875
1531.25
1476.5625
1437.5
1359.375
1500.0
1468.75
1328.125
1507.8125
1414.0625
1312.5
1414.0625
1328.125
1445.3125
1312.5
1367.1875
1453.125
1414.0625
1335.9375
1554.6875
1390.625
1453.125
1593.75
1421.875
1468.75
1484.375
1328.125
1398.4375
1562.5
1390.625
1500.0
1484.375
1351.5625
1507.8125
1515.625
1398.4375
1421.875
1343.75
1421.875
1531.25
1453.125
1515.625
1601.5625
1429.6875
1468.75
1468.75
1359.375
1468.75
1476.5625
1390.625
1539.0625
1460.9375
1421.875
1507.8125
1320.3125
1406.25
1406.25
1304.6875
1507.8125
1414.0625
1460.9375
1554.6875
1437.5
1445.3125
1562.5
1359.375
1515.625
1492.1875
1367.1875
1453.125
1351.5625
1437.5
1468.75
1351.5625
1421.875
1445.3125
1359.375
1335.9375
1421.875
1328.125
1382.8125
1382.8125
1296.875
1429.6875
1359.375
1164.0625
1164.0625
1070.3125
1257.8125
1531.25
1312.5
1578.125
1429.6875
1507.8125
1570.3125
1398.4375
1570.3125
1515.625
1382.8125
1515.625
1460.9375
1507.8125
1546.875
1414.0625
1484.375
1523.4375
1421.875
1617.1875
1523.4375
1414.0625
1484.375
1453.125
1476.5625
1531.25
1414.0625
1445.3125
1593.75
1421.875
1414.0625
1460.9375
1335.9375
1460.9375
1382.8125
1359.375
1367.1875
1218.75
1304.6875
1500.0
1382.8125
1593.75
1375.0
1445.3125
1390.625
1390.625
1648.4375
1476.5625
1492.1875
1578.125
1367.1875
1375.0
1546.875
1304.6875
1492.1875
1656.25
1468.75
1539.0625
1460.9375
1476.5625
1578.125
1484.375
1523.4375
1507.8125
1445.3125
1460.9375
1414.0625
1429.6875
1468.75
1328.125
1390.625
1562.5
1421.875
1468.75
1484.375
1437.5
1679.6875
1476.5625
1437.5
1492.1875
1406.25
1429.6875
1585.9375
1320.3125
1429.6875
1398.4375
1289.0625
1484.375
1414.0625
1476.5625
1625.0
1406.25
1460.9375
1476.5625
1406.25
1445.3125
1406.25
1320.3125
1523.4375
1414.0625
1484.375
1406.25
1421.875
1476.5625
1398.4375
1375.0
1546.875
1367.1875
1390.625
1507.8125
1421.875
1460.9375
1531.25
1437.5
1507.8125
1609.375
1359.375
1453.125
1359.375
1468.75
1523.4375
1484.375
1406.25
1250.0
1492.1875
1273.4375
1562.5
1335.9375
1320.3125
1601.5625
1453.125
1429.6875
1531.25
1414.0625
1492.1875
1468.75
1421.875
1539.0625
1375.0
1476.5625
1445.3125
1406.25
1500.0
1437.5
1507.8125
1531.25
1414.0625
1515.625
1414.0625
1500.0
1515.625
1351.5625
1390.625
1437.5
1390.625
1515.625
1445.3125
1421.875
1578.125
1335.9375
1289.0625
1531.25
1328.125
1515.625
1453.125
1468.75
1585.9375
1398.4375
1460.9375
1570.3125
1468.75
1515.625
1414.0625
1406.25
1382.8125
1218.75
1437.5
1476.5625
1445.3125
1546.875
1476.5625
1468.75
1492.1875
1367.1875
1500.0
1515.625
1476.5625
1671.875
1500.0
1476.5625
1484.375
1382.8125
1406.25
1476.5625
1335.9375
1304.6875
1414.0625
1390.625
1515.625
1398.4375
1367.1875
1500.0
1304.6875
1398.4375
1523.4375
1453.125
1468.75
1367.1875
1312.5
1500.0
1390.625
1437.5
1578.125
1343.75
1476.5625
1453.125
1335.9375
1500.0
1445.3125
1445.3125
1429.6875
1289.0625
1476.5625
1414.0625
1304.6875
1531.25
1414.0625
1406.25
1523.4375
1195.3125
1187.5
1640.625
1421.875
1562.5
1492.1875
1437.5
1531.25
1421.875
1437.5
1578.125
1335.9375
1398.4375
1484.375
1429.6875
1562.5
1492.1875
1460.9375
1570.3125
1507.8125
1484.375
1492.1875
1421.875
1554.6875
1492.1875
1429.6875
1523.4375
1406.25
1390.625
1437.5
1390.625
1554.6875
1507.8125
1351.5625
1281.25
1546.875
1343.75
1343.75
1460.9375
1351.5625
1367.1875
1578.125
1468.75
1554.6875
1531.25
1476.5625
1492.1875
1406.25
1382.8125
1468.75
1429.6875
1546.875
1523.4375
1523.4375
1648.4375
1570.3125
1570.3125
1554.6875
1578.125
1484.375
1203.125
1695.3125
1515.625
1609.375
1625.0
1445.3125
1593.75
1359.375
1453.125
1570.3125
1429.6875
1500.0
1468.75
1398.4375
1585.9375
1453.125
1437.5
1445.3125
1257.8125
1453.125
1343.75
1531.25
1500.0
1585.9375
1484.375
1375.0
1445.3125
1359.375
1335.9375
1437.5
1437.5
1492.1875
1500.0
1390.625
1523.4375
1437.5
1398.4375
1539.0625
1382.8125
1351.5625
1484.375
1406.25
1414.0625
1570.3125
1421.875
1460.9375
1453.125
1406.25
1539.0625
1375.0
1390.625
1328.125
1203.125
1554.6875
1484.375
1515.625
1359.375
1257.8125
1562.5
1539.0625
1171.875
945.3125
953.125
984.375
1070.3125
976.5625
937.5
984.375
968.75
906.25
656.25
1070.3125
914.0625
898.4375
906.25
898.4375
906.25
898.4375
867.1875
882.8125
914.0625
984.375
937.5
1101.5625
1343.75
1390.625
1328.125
1429.6875
1445.3125
1406.25
1437.5
1367.1875
1218.75
1093.75
1960.9375
1484.375
1695.3125
1500.0
1398.4375
1570.3125
1367.1875
1609.375
1531.25
1414.0625
1445.3125
1078.125
976.5625
1718.75
1437.5
1765.625
1476.5625
1648.4375
1554.6875
1187.5
1031.25
1070.3125
984.375
1031.25
1015.625
1523.4375
1320.3125
1585.9375
1484.375
1687.5
1601.5625
1539.0625
1648.4375
1468.75
1453.125
1460.9375
1351.5625
1476.5625
1484.375
1406.25
1476.5625
1531.25
1382.8125
1226.5625
1773.4375
1507.8125
1578.125
1546.875
1328.125
1445.3125
1296.875
1257.8125
1460.9375
1382.8125
1335.9375
1398.4375
1328.125
1367.1875
1507.8125
1421.875
1281.25
1429.6875
1304.6875
1343.75
1406.25
1289.0625
1445.3125
1453.125
1265.625
1507.8125
1382.8125
1351.5625
1484.375
1375.0
1546.875
1515.625
1414.0625
1500.0
1398.4375
1414.0625
1507.8125
1406.25
1367.1875
1492.1875
1328.125
1343.75
1453.125
1164.0625
992.1875
1093.75
1039.0625
1664.0625
1601.5625
1437.5
1421.875
1398.4375
1335.9375
1562.5
1390.625
1476.5625
1515.625
1406.25
1476.5625
1515.625
1437.5
1546.875
1359.375
1429.6875
1406.25
1320.3125
1375.0
1289.0625
1250.0
1453.125
1351.5625
1468.75
1671.875
1476.5625
1593.75
1562.5
1390.625
1570.3125
1507.8125
1406.25
1484.375
1367.1875
1445.3125
1562.5
1429.6875
1507.8125
1476.5625
1375.0
1554.6875
1398.4375
1359.375
1421.875
1281.25
1335.9375
1421.875
1296.875
1343.75
1398.4375
1351.5625
1437.5
1375.0
1218.75
1359.375
1312.5
1375.0
1460.9375
1390.625
1429.6875
1515.625
1406.25
1523.4375
1546.875
1515.625
1523.4375
1312.5
1273.4375
1617.1875
1445.3125
1570.3125
1640.625
1187.5
1539.0625
1421.875
1382.8125
1601.5625
1390.625
1398.4375
1460.9375
1406.25
1406.25
1476.5625
1382.8125
1195.3125
1445.3125
1335.9375
1421.875
1398.4375
1109.375
1523.4375
1437.5
1390.625
1601.5625
1492.1875
1445.3125
1468.75
1304.6875
1515.625
1500.0
1320.3125
1351.5625
1367.1875
1304.6875
1570.3125
1476.5625
1359.375
1460.9375
1484.375
1359.375
1531.25
1406.25
1335.9375
1320.3125
1281.25
1335.9375
1554.6875
1429.6875
1390.625
1476.5625
1296.875
1343.75
1406.25
1335.9375
1367.1875
1500.0
1375.0
1390.625
1507.8125
1398.4375
1554.6875
1484.375
1414.0625
1484.375
1351.5625
1453.125
1492.1875
1257.8125
1140.625
1515.625
1367.1875
1484.375
1382.8125
1335.9375
1445.3125
1273.4375
1367.1875
1414.0625
1210.9375
1226.5625
1343.75
1265.625
1085.9375
1492.1875
1351.5625
1343.75
1500.0
1398.4375
1351.5625
1492.1875
1414.0625
1320.3125
1468.75
1218.75
1187.5
1343.75
1070.3125
1625.0
1500.0
1500.0
1460.9375
1359.375
1101.5625
1539.0625
1500.0
1507.8125
1507.8125
1429.6875
1523.4375
1375.0
1414.0625
1531.25
1453.125
1437.5
671.875
1664.0625
1554.6875
1531.25
1390.625
1351.5625
1593.75
1468.75
1406.25
1554.6875
1406.25
1367.1875
1390.625
1421.875
1445.3125
1390.625
1273.4375
1304.6875
1296.875
1109.375
1203.125
1539.0625
1250.0
1109.375
1304.6875
1070.3125
1242.1875
1296.875
1054.6875
1054.6875
1234.375
1101.5625
1039.0625
1132.8125
1289.0625
1039.0625
1015.625
1093.75
1054.6875
1031.25
1046.875
984.375
1015.625
1695.3125
1328.125
1414.0625
1460.9375
1210.9375
1406.25
1445.3125
1218.75
1468.75
1414.0625
1226.5625
1414.0625
1445.3125
1406.25
1539.0625
1468.75
1414.0625
1546.875
1414.0625
1476.5625
1453.125
1375.0
1414.0625
1351.5625
1132.8125
1195.3125
1453.125
1351.5625
1531.25
1578.125
1421.875
1375.0
1187.5
1359.375
1242.1875
1109.375
1289.0625
1296.875
1117.1875
1437.5
1421.875
1226.5625
1335.9375
1343.75
1125.0
1000.0
1023.4375
1304.6875
1070.3125
1031.25
1093.75
1031.25
1140.625
1609.375
1250.0
1445.3125
1406.25
1195.3125
1109.375
1421.875
1328.125
1187.5
1484.375
1250.0
1117.1875
1500.0
1437.5
1140.625
1218.75
1500.0
1421.875
1523.4375
1539.0625
1531.25
1554.6875
1445.3125
1500.0
1445.3125
1460.9375
1429.6875
1296.875
1328.125
1429.6875
1203.125
1484.375
1460.9375
1273.4375
1265.625
1296.875
1125.0
1140.625
1007.8125
937.5
984.375
1632.8125
1226.5625
1578.125
1343.75
1203.125
1484.375
1320.3125
1242.1875
1437.5
1375.0
1187.5
1406.25
1343.75
1148.4375
1031.25
1578.125
1445.3125
1570.3125
1351.5625
1351.5625
1523.4375
1375.0
1273.4375
1453.125
1351.5625
1210.9375
1453.125
1429.6875
1203.125
1429.6875
1375.0
1187.5
1492.1875
1460.9375
1445.3125
1492.1875
1390.625
1382.8125
1531.25
1328.125
1375.0
1460.9375
1296.875
1468.75
1406.25
1375.0
1632.8125
1492.1875
1421.875
1539.0625
1554.6875
1523.4375
1390.625
1296.875
1375.0
1226.5625
1406.25
1406.25
1234.375
1398.4375
1289.0625
1132.8125
1148.4375
1046.875
953.125
953.125
1015.625
1398.4375
1429.6875
1328.125
1101.5625
1125.0
1273.4375
1109.375
1507.8125
1234.375
1031.25
968.75
1757.8125
1367.1875
1476.5625
1578.125
1359.375
1460.9375
1421.875
1078.125
1000.0
1648.4375
1343.75
1671.875
1492.1875
1179.6875
1468.75
1117.1875
1000.0
1031.25
1101.5625
1031.25
1023.4375
1171.875
1007.8125
976.5625
976.5625
976.5625
929.6875
921.875
914.0625
906.25
890.625
890.625
882.8125
898.4375
875.0
875.0
875.0
867.1875
867.1875
906.25
1343.75
1195.3125
1117.1875
1312.5
1437.5
1195.3125
1492.1875
1367.1875
1398.4375
1640.625
1382.8125
1242.1875
1726.5625
1367.1875
1460.9375
1570.3125
1343.75
1437.5
1171.875
1109.375
1757.8125
1382.8125
1406.25
1421.875
1125.0
1054.6875
1125.0
984.375
1070.3125
1507.8125
687.5
671.875
695.3125
703.125
656.25
1156.25
656.25
1203.125
984.375
984.375
976.5625
695.3125
1117.1875
656.25
1171.875
953.125
664.0625
1398.4375
710.9375
1414.0625
1531.25
1343.75
1312.5
1578.125
1335.9375
1234.375
1484.375
1617.1875
1640.625
1601.5625
1335.9375
1531.25
1429.6875
1476.5625
1593.75
1265.625
1554.6875
1367.1875
1296.875
1601.5625
1406.25
1382.8125
1648.4375
1343.75
1281.25
1468.75
1453.125
1312.5
1476.5625
1453.125
1351.5625
1414.0625
1406.25
1250.0
1484.375
1414.0625
1281.25
1437.5
1382.8125
1265.625
1265.625
1351.5625
1242.1875
1039.0625
1000.0
1171.875
1148.4375
1625.0
1507.8125
1390.625
1515.625
1320.3125
1335.9375
1460.9375
1335.9375
1531.25
1570.3125
1335.9375
1445.3125
1414.0625
1320.3125
1531.25
1437.5
1398.4375
1500.0
1421.875
1367.1875
1453.125
1328.125
1093.75
1460.9375
1375.0
1273.4375
1531.25
1445.3125
1468.75
1437.5
1382.8125
1429.6875
1398.4375
1343.75
1320.3125
1421.875
1242.1875
1273.4375
1531.25
1421.875
1445.3125
1484.375
1320.3125
1492.1875
1500.0
1343.75
1242.1875
1406.25
1140.625
1406.25
1507.8125
1445.3125
1585.9375
1359.375
1375.0
1429.6875
1296.875
1453.125
1382.8125
1382.8125
1515.625
1445.3125
1398.4375
1484.375
1492.1875
1335.9375
1453.125
1421.875
1390.625
1562.5
1460.9375
1335.9375
1250.0
1078.125
1296.875
1617.1875
1429.6875
1500.0
1523.4375
1500.0
1546.875
1406.25
1476.5625
1414.0625
1390.625
1531.25
1492.1875
1328.125
1617.1875
1601.5625
1578.125
1617.1875
1523.4375
1437.5
1539.0625
1460.9375
1476.5625
1515.625
1375.0
1437.5
1437.5
1289.0625
1382.8125
1554.6875
1367.1875
1375.0
1398.4375
1328.125
1085.9375
1585.9375
1453.125
1445.3125
1546.875
1304.6875
1476.5625
1484.375
1281.25
1398.4375
1468.75
1398.4375
1601.5625
1414.0625
1296.875
1429.6875
1250.0
1265.625
1562.5
1445.3125
1359.375
1476.5625
1304.6875
1437.5
1500.0
1375.0
1445.3125
1460.9375
1320.3125
1484.375
1421.875
1382.8125
1562.5
1437.5
1398.4375
1476.5625
1421.875
1414.0625
1492.1875
1375.0
1468.75
1515.625
1398.4375
1546.875
1523.4375
1476.5625
1679.6875
1484.375
1601.5625
1585.9375
1421.875
1421.875
1320.3125
1828.125
1429.6875
1343.75
1578.125
1437.5
1460.9375
1507.8125
1351.5625
1273.4375
1359.375
1210.9375
1078.125
1351.5625
1406.25
1296.875
1429.6875
1453.125
1312.5
1546.875
1390.625
1257.8125
1453.125
1460.9375
1328.125
1492.1875
1312.5
1296.875
1453.125
1367.1875
1578.125
1476.5625
1320.3125
1453.125
1367.1875
1492.1875
1492.1875
1335.9375
1453.125
1523.4375
1351.5625
1085.9375
1218.75
1421.875
1460.9375
1492.1875
1445.3125
1460.9375
1320.3125
1328.125
1296.875
1265.625
1500.0
1429.6875
1375.0
1476.5625
1351.5625
1476.5625
1460.9375
1390.625
1468.75
1453.125
1421.875
1476.5625
1429.6875
1406.25
1429.6875
1335.9375
1101.5625
1085.9375
1039.0625
953.125
968.75
1070.3125
1015.625
1101.5625
1046.875
984.375
1039.0625
1007.8125
1015.625
1500.0
1437.5
1382.8125
1468.75
1445.3125
1414.0625
1539.0625
1437.5
1429.6875
1578.125
1625.0
1453.125
1554.6875
1476.5625
1656.25
1507.8125
1578.125
1726.5625
1468.75
1367.1875
1507.8125
1406.25
1367.1875
1554.6875
1320.3125
1507.8125
1523.4375
1414.0625
1476.5625
1562.5
1367.1875
1421.875
1398.4375
1289.0625
1468.75
1382.8125
1359.375
1429.6875
1296.875
1515.625
1492.1875
1421.875
1507.8125
1375.0
1335.9375
1476.5625
1335.9375
1421.875
1546.875
1375.0
1515.625
1468.75
1343.75
1468.75
1445.3125
1375.0
1453.125
1367.1875
1273.4375
1484.375
1453.125
1359.375
1507.8125
1429.6875
1429.6875
1476.5625
1414.0625
1320.3125
1468.75
1398.4375
1601.5625
1421.875
1257.8125
1023.4375
1554.6875
1617.1875
1734.375
1757.8125
1640.625
1625.0
1531.25
1429.6875
1429.6875
1492.1875
1429.6875
1335.9375
1554.6875
1617.1875
1460.9375
1437.5
1398.4375
1375.0
1453.125
1421.875
1328.125
1492.1875
1406.25
1343.75
1437.5
1375.0
1343.75
1484.375
1343.75
1406.25
1460.9375
1406.25
1406.25
1523.4375
1367.1875
1453.125
1468.75
1359.375
1460.9375
1406.25
1328.125
1429.6875
1414.0625
1296.875
1453.125
1398.4375
1359.375
1500.0
1382.8125
1398.4375
1515.625
1382.8125
1500.0
1476.5625
1398.4375
1531.25
1437.5
1375.0
1445.3125
1382.8125
1421.875
1507.8125
1382.8125
1500.0
1414.0625
1335.9375
1437.5
1390.625
1390.625
1554.6875
1382.8125
1382.8125
1390.625
1281.25
1453.125
1351.5625
1304.6875
1460.9375
1367.1875
1507.8125
1429.6875
1429.6875
1601.5625
1359.375
1429.6875
1492.1875
1351.5625
1492.1875
1484.375
1523.4375
1585.9375
1421.875
1554.6875
1484.375
1453.125
1484.375
1343.75
1531.25
1437.5
1523.4375
1570.3125
1406.25
1585.9375
1468.75
1460.9375
1484.375
1351.5625
1445.3125
1507.8125
1359.375
1445.3125
1414.0625
1398.4375
1515.625
1398.4375
1476.5625
1421.875
1359.375
1515.625
1351.5625
1335.9375
1414.0625
1375.0
1500.0
1375.0
1468.75
1562.5
1429.6875
1453.125
1273.4375
1328.125
1429.6875
1359.375
1468.75
1382.8125
1375.0
1460.9375
1375.0
1515.625
1367.1875
1445.3125
1414.0625
1328.125
1445.3125
1343.75
1406.25
1484.375
1328.125
1453.125
1468.75
1382.8125
1531.25
1390.625
1406.25
1679.6875
1484.375
1664.0625
1492.1875
1523.4375
1562.5
1375.0
1484.375
1453.125
1500.0
1570.3125
1414.0625
1460.9375
1554.6875
1406.25
1570.3125
1359.375
1070.3125
1046.875
976.5625
1070.3125
1554.6875
1140.625
992.1875
984.375
953.125
1406.25
1320.3125
1453.125
1359.375
1515.625
1523.4375
1500.0
1664.0625
1632.8125
1500.0
1625.0
1507.8125
1601.5625
1601.5625
1437.5
1453.125
1585.9375
1445.3125
1765.625
1546.875
1539.0625
1718.75
1523.4375
1492.1875
1570.3125
1351.5625
1593.75
1500.0
1398.4375
1585.9375
1453.125
1523.4375
1468.75
1320.3125
1648.4375
1531.25
1250.0
1429.6875
1265.625
1257.8125
1421.875
1250.0
1585.9375
1335.9375
1414.0625
1531.25
1398.4375
1500.0
1414.0625
1398.4375
1554.6875
1382.8125
1382.8125
1515.625
1429.6875
1492.1875
1523.4375
1398.4375
1562.5
1515.625
1453.125
1601.5625
1421.875
1460.9375
1476.5625
1375.0
1515.625
1367.1875
1343.75
1460.9375
1296.875
1554.6875
1671.875
1546.875
1375.0
1039.0625
1015.625
1296.875
1062.5
1703.125
1523.4375
1687.5
1593.75
1507.8125
1664.0625
1460.9375
1601.5625
1500.0
1171.875
1039.0625
1070.3125
1023.4375
1585.9375
1406.25
1242.1875
1132.8125
1210.9375
1414.0625
1742.1875
1703.125
1671.875
1835.9375
1593.75
1546.875
1687.5
1578.125
1476.5625
1617.1875
1492.1875
1437.5
1726.5625
1546.875
1507.8125
1539.0625
1335.9375
1414.0625
1617.1875
1437.5
1437.5
1523.4375
1328.125
1468.75
1445.3125
1250.0
1468.75
1429.6875
1343.75
1453.125
1421.875
1382.8125
1539.0625
1523.4375
1398.4375
1500.0
1429.6875
1382.8125
1546.875
1382.8125
1414.0625
1554.6875
1460.9375
1390.625
1593.75
1468.75
1453.125
1625.0
1476.5625
1468.75
1632.8125
1523.4375
1375.0
1515.625
1375.0
1476.5625
1390.625
1210.9375
1578.125
1406.25
1257.8125
1453.125
1343.75
1242.1875
1445.3125
1312.5
1523.4375
1500.0
1429.6875
1601.5625
1492.1875
1468.75
1664.0625
1429.6875
1554.6875
1562.5
1476.5625
1625.0
1468.75
1500.0
1664.0625
1453.125
1593.75
1531.25
1390.625
1539.0625
1484.375
1421.875
1531.25
1351.5625
1546.875
1531.25
1343.75
1515.625
1398.4375
1445.3125
1531.25
1468.75
1445.3125
1523.4375
1367.1875
1421.875
1429.6875
1343.75
1523.4375
1484.375
1359.375
1468.75
1445.3125
1664.0625
1429.6875
1328.125
1468.75
1367.1875
1570.3125
1632.8125
1546.875
1664.0625
1453.125
1585.9375
1507.8125
1351.5625
1484.375
1398.4375
1359.375
1609.375
1476.5625
1546.875
1523.4375
1390.625
1546.875
1429.6875
1382.8125
1515.625
1398.4375
1515.625
1632.8125
1429.6875
1570.3125
1515.625
1468.75
1546.875
1445.3125
1500.0
1507.8125
1109.375
984.375
1007.8125
1437.5
1671.875
1757.8125
1804.6875
1679.6875
1546.875
1531.25
1390.625
1492.1875
1578.125
1437.5
1585.9375
1468.75
1609.375
1632.8125
1421.875
1515.625
1523.4375
1500.0
1617.1875
1523.4375
1593.75
1585.9375
1406.25
1539.0625
1468.75
1484.375
1523.4375
1437.5
1523.4375
1507.8125
1320.3125
1593.75
1523.4375
1476.5625
1585.9375
1585.9375
1406.25
1664.0625
1484.375
1453.125
1648.4375
1445.3125
1531.25
1546.875
1437.5
1656.25
1421.875
1585.9375
1507.8125
1398.4375
1609.375
1492.1875
1468.75
1539.0625
1406.25
1460.9375
1515.625
1414.0625
1562.5
1570.3125
1375.0
1515.625
1468.75
1320.3125
1492.1875
1414.0625
1320.3125
1429.6875
1281.25
1296.875
1640.625
1398.4375
1507.8125
1515.625
1398.4375
1593.75
1476.5625
1585.9375
1500.0
1367.1875
1554.6875
1476.5625
1554.6875
1546.875
1445.3125
1687.5
1429.6875
1546.875
1546.875
1390.625
1523.4375
1453.125
1406.25
1523.4375
1398.4375
1460.9375
1617.1875
1375.0
1515.625
1585.9375
1460.9375
1578.125
1429.6875
1492.1875
1632.8125
1437.5
1625.0
1523.4375
1507.8125
1406.25
1257.8125
1601.5625
1492.1875
1515.625
1523.4375
1398.4375
1492.1875
1640.625
1367.1875
1585.9375
1507.8125
1382.8125
1507.8125
1289.0625
1296.875
1570.3125
1312.5
1406.25
1492.1875
1523.4375
1398.4375
1718.75
1570.3125
1484.375
1632.8125
1367.1875
1617.1875
1546.875
1406.25
1515.625
1390.625
1578.125
1484.375
1367.1875
1765.625
1421.875
1648.4375
1554.6875
1554.6875
1656.25
1453.125
1562.5
1460.9375
1531.25
1648.4375
1414.0625
1562.5
1500.0
1554.6875
1554.6875
1421.875
1484.375
1398.4375
1398.4375
1656.25
1476.5625
1445.3125
1484.375
1421.875
1546.875
1460.9375
1531.25
1601.5625
1343.75
1601.5625
1515.625
1484.375
1617.1875
1460.9375
1617.1875
1398.4375
1375.0
1468.75
1476.5625
1507.8125
1757.8125
1484.375
1617.1875
1531.25
1593.75
1601.5625
1507.8125
1554.6875
1515.625
1500.0
1632.8125
1445.3125
1562.5
1523.4375
1382.8125
1617.1875
1515.625
1453.125
1539.0625
1328.125
1398.4375
1453.125
1390.625
1539.0625
1468.75
1382.8125
1570.3125
1351.5625
1523.4375
1585.9375
1414.0625
1523.4375
1367.1875
1515.625
1476.5625
1242.1875
1476.5625
1296.875
1570.3125
1343.75
1335.9375
1406.25
1546.875
1421.875
1406.25
1656.25
1421.875
1492.1875
1507.8125
1398.4375
1507.8125
1429.6875
1437.5
1398.4375
1406.25
1609.375
1460.9375
1570.3125
1507.8125
1492.1875
1671.875
1382.8125
1460.9375
1539.0625
1414.0625
1531.25
1414.0625
1445.3125
1578.125
1382.8125
1531.25
1500.0
1414.0625
1515.625
1414.0625
1437.5
1593.75
1234.375
1367.1875
1492.1875
1351.5625
1695.3125
1421.875
1476.5625
1468.75
1382.8125
1601.5625
1453.125
1554.6875
1500.0
1460.9375
1632.8125
1414.0625
1507.8125
1515.625
1429.6875
1640.625
1414.0625
1500.0
1546.875
1484.375
1593.75
1468.75
1390.625
1539.0625
1390.625
1445.3125
1546.875
1421.875
1664.0625
1492.1875
1523.4375
1468.75
1335.9375
1460.9375
1531.25
1507.8125
1632.8125
1414.0625
1382.8125
1429.6875
1359.375
1578.125
1414.0625
1539.0625
1539.0625
1398.4375
1539.0625
1453.125
1468.75
1523.4375
1484.375
1476.5625
1359.375
1492.1875
1570.3125
1406.25
1640.625
1453.125
1515.625
1632.8125
1476.5625
1609.375
1484.375
1476.5625
1531.25
1351.5625
1539.0625
1492.1875
1351.5625
1421.875
1445.3125
1421.875
1531.25
1320.3125
1726.5625
1328.125
1117.1875
1179.6875
1570.3125
1445.3125
1609.375
1375.0
1445.3125
1437.5
1429.6875
1601.5625
1453.125
1531.25
1468.75
1437.5
1289.0625
1046.875
953.125
914.0625
960.9375
1054.6875
1031.25
1195.3125
1492.1875
1210.9375
1070.3125
984.375
1031.25
968.75
945.3125
1000.0
1039.0625
984.375
1007.8125
1453.125
1421.875
1304.6875
1070.3125
1023.4375
1164.0625
1164.0625
1054.6875
1187.5
1085.9375
679.6875
1085.9375
656.25
1140.625
664.0625
632.8125
632.8125
648.4375
1109.375
976.5625
968.75
945.3125
906.25
921.875
898.4375
906.25
898.4375
1289.0625
1335.9375
1171.875
1484.375
1500.0
1421.875
1750.0
1632.8125
1406.25
1742.1875
1421.875
1367.1875
1546.875
1320.3125
1312.5
1570.3125
1445.3125
1828.125
1460.9375
1531.25
1359.375
1101.5625
1617.1875
1546.875
1351.5625
1609.375
1312.5
1671.875
1320.3125
1609.375
1382.8125
1414.0625
1593.75
1445.3125
1648.4375
1492.1875
1453.125
1742.1875
1414.0625
1515.625
1695.3125
1406.25
1648.4375
1562.5
1531.25
1585.9375
1414.0625
1679.6875
1375.0
1414.0625
1500.0
1414.0625
1507.8125
1507.8125
1398.4375
1500.0
1492.1875
1289.0625
1117.1875
984.375
1054.6875
1875.0
1718.75
1765.625
1718.75
1781.25
1539.0625
1695.3125
1593.75
1578.125
1671.875
1507.8125
1562.5
1562.5
1468.75
1718.75
1523.4375
1578.125
1742.1875
1468.75
1570.3125
1523.4375
1523.4375
1617.1875
1406.25
1554.6875
1398.4375
1453.125
1562.5
1320.3125
1023.4375
960.9375
937.5
1007.8125
1007.8125
1679.6875
1585.9375
1851.5625
1718.75
1835.9375
1703.125
1523.4375
1664.0625
1515.625
1531.25
1570.3125
1421.875
1695.3125
1593.75
1468.75
1617.1875
1453.125
1625.0
1593.75
1570.3125
1648.4375
1429.6875
1554.6875
1460.9375
1320.3125
1601.5625
1343.75
1265.625
1492.1875
1390.625
1445.3125
1687.5
1343.75
1570.3125
1554.6875
1421.875
1625.0
1375.0
1390.625
1515.625
1414.0625
1593.75
1453.125
1453.125
1656.25
1468.75
1437.5
1312.5
1359.375
1601.5625
1539.0625
1531.25
1632.8125
1445.3125
1554.6875
1500.0
1429.6875
1460.9375
1320.3125
1460.9375
1515.625
1343.75
1421.875
1281.25
1273.4375
1593.75
1359.375
1507.8125
1390.625
1414.0625
1609.375
1445.3125
1531.25
1734.375
1515.625
1601.5625
1468.75
1593.75
1617.1875
1453.125
1601.5625
1445.3125
1484.375
1570.3125
1359.375
1484.375
1492.1875
1382.8125
1515.625
1468.75
1609.375
1585.9375
1437.5
1671.875
1421.875
1492.1875
1570.3125
1437.5
1484.375
1562.5
1523.4375
1492.1875
1367.1875
1484.375
1562.5
1523.4375
1679.6875
1406.25
1640.625
1468.75
1421.875
1468.75
1445.3125
1554.6875
1492.1875
1546.875
1718.75
1328.125
1679.6875
1476.5625
1507.8125
1757.8125
1484.375
1648.4375
1437.5
1453.125
1570.3125
1398.4375
1523.4375
1546.875
1382.8125
1476.5625
1351.5625
1382.8125
1460.9375
1359.375
1460.9375
1476.5625
1398.4375
1460.9375
1343.75
1539.0625
1312.5
1546.875
1562.5
1476.5625
1648.4375
1390.625
1515.625
1546.875
1382.8125
1640.625
1492.1875
1476.5625
1562.5
1414.0625
1507.8125
1507.8125
1390.625
1492.1875
1226.5625
1429.6875
1367.1875
1265.625
1773.4375
1476.5625
1492.1875
1585.9375
1335.9375
1578.125
1562.5
1468.75
1617.1875
1476.5625
1523.4375
1523.4375
1460.9375
1656.25
1453.125
1546.875
1515.625
1515.625
1625.0
1414.0625
1609.375
1460.9375
1414.0625
1484.375
1359.375
1453.125
1539.0625
1359.375
1593.75
1507.8125
1445.3125
1656.25
1375.0
1554.6875
1460.9375
1414.0625
1523.4375
1382.8125
1585.9375
1445.3125
1453.125
1546.875
1539.0625
1703.125
1492.1875
1703.125
1484.375
1335.9375
1484.375
1257.8125
1578.125
1656.25
1609.375
1726.5625
1406.25
1671.875
1492.1875
1585.9375
1554.6875
1507.8125
1507.8125
1414.0625
1476.5625
1625.0
1414.0625
1671.875
1500.0
1382.8125
1585.9375
1460.9375
1507.8125
1539.0625
1406.25
1625.0
1453.125
1476.5625
1523.4375
1375.0
1617.1875
1414.0625
1539.0625
1671.875
1453.125
1617.1875
1523.4375
1554.6875
1656.25
1390.625
1476.5625
1593.75
1476.5625
1601.5625
1421.875
1625.0
1437.5
1359.375
1507.8125
1328.125
1601.5625
1500.0
1390.625
1500.0
1328.125
1539.0625
1601.5625
1421.875
1601.5625
1429.6875
1515.625
1484.375
1359.375
1617.1875
1476.5625
1320.3125
1500.0
1390.625
1625.0
1453.125
1585.9375
1554.6875
1500.0
1609.375
1421.875
1437.5
1546.875
1343.75
1507.8125
1335.9375
1546.875
1539.0625
1437.5
1578.125
1398.4375
1562.5
1390.625
1492.1875
1625.0
1398.4375
1437.5
1539.0625
1500.0
1640.625
1476.5625
1539.0625
1531.25
1476.5625
1757.8125
1429.6875
1585.9375
1523.4375
1414.0625
1656.25
1429.6875
1445.3125
1500.0
1289.0625
1351.5625
1218.75
1414.0625
1656.25
1531.25
1640.625
1398.4375
1445.3125
1468.75
1390.625
1664.0625
1445.3125
1453.125
1421.875
1429.6875
1554.6875
1406.25
1531.25
1359.375
1585.9375
1515.625
1656.25
1601.5625
1539.0625
1609.375
1398.4375
1554.6875
1601.5625
1421.875
1632.8125
1429.6875
1453.125
1625.0
1453.125
1601.5625
1539.0625
1398.4375
1601.5625
1531.25
1500.0
1570.3125
1468.75
1640.625
1476.5625
1468.75
1632.8125
1328.125
1453.125
1429.6875
1468.75
1585.9375
1382.8125
1492.1875
1359.375
1351.5625
1523.4375
1414.0625
1460.9375
1617.1875
1375.0
1515.625
1414.0625
1289.0625
1632.8125
1468.75
1468.75
1531.25
1398.4375
1554.6875
1500.0
1398.4375
1593.75
1476.5625
1500.0
1578.125
1429.6875
1570.3125
1429.6875
1445.3125
1468.75
1359.375
1507.8125
1578.125
1390.625
1585.9375
1531.25
1578.125
1421.875
1429.6875
1734.375
1398.4375
1546.875
1484.375
1632.8125
1523.4375
1460.9375
1578.125
1406.25
1382.8125
1484.375
1289.0625
1515.625
1484.375
1570.3125
1531.25
1398.4375
1570.3125
1445.3125
1453.125
1492.1875
1296.875
1546.875
1468.75
1398.4375
1640.625
1429.6875
1429.6875
1507.8125
1382.8125
1523.4375
1437.5
1414.0625
1531.25
1437.5
1500.0
1343.75
1289.0625
1554.6875
1398.4375
1468.75
1437.5
1351.5625
1531.25
1398.4375
1328.125
1539.0625
1398.4375
1406.25
1609.375
1382.8125
1625.0
1375.0
1398.4375
1484.375
1312.5
1328.125
1593.75
1304.6875
1468.75
1500.0
1390.625
1664.0625
1484.375
1382.8125
1578.125
1398.4375
1484.375
1539.0625
1406.25
1382.8125
1492.1875
1328.125
1562.5
1414.0625
1406.25
1546.875
1351.5625
1460.9375
1429.6875
1398.4375
1507.8125
1406.25
1625.0
1554.6875
1468.75
1609.375
1453.125
1578.125
1437.5
1382.8125
1320.3125
1429.6875
1500.0
1773.4375
1523.4375
1664.0625
1414.0625
1523.4375
1625.0
1507.8125
1484.375
1382.8125
1460.9375
1601.5625
1453.125
1625.0
1414.0625
1554.6875
1421.875
1476.5625
1492.1875
1343.75
1539.0625
1500.0
1515.625
1523.4375
1406.25
1570.3125
1476.5625
1453.125
1531.25
1414.0625
1359.375
1484.375
1343.75
1476.5625
1382.8125
1507.8125
1601.5625
1242.1875
1570.3125
1492.1875
1476.5625
1703.125
1406.25
1390.625
1515.625
1351.5625
1375.0
1640.625
1328.125
1437.5
1351.5625
1468.75
1460.9375
1351.5625
1367.1875
1210.9375
1414.0625
1742.1875
1351.5625
1484.375
1492.1875
1398.4375
1578.125
1406.25
1492.1875
1554.6875
1429.6875
1539.0625
1359.375
1437.5
1382.8125
1343.75
1515.625
1335.9375
1484.375
1335.9375
1382.8125
1585.9375
1351.5625
1468.75
1632.8125
1414.0625
1609.375
1492.1875
1484.375
1671.875
1421.875
1523.4375
1515.625
1500.0
1367.1875
1195.3125
1523.4375
1476.5625
1421.875
1515.625
1390.625
1507.8125
1484.375
1351.5625
1507.8125
1492.1875
1390.625
1531.25
1375.0
1328.125
1523.4375
1351.5625
1421.875
1578.125
1382.8125
1585.9375
1546.875
1484.375
1523.4375
1367.1875
1476.5625
1484.375
1367.1875
1640.625
1468.75
1546.875
1617.1875
1398.4375
1531.25
1515.625
1484.375
1617.1875
1429.6875
1460.9375
1445.3125
1367.1875
1546.875
1414.0625
1484.375
1515.625
1351.5625
1539.0625
1375.0
1367.1875
1492.1875
1343.75
1484.375
1398.4375
1320.3125
1492.1875
1453.125
1382.8125
1359.375
1187.5
1101.5625
1718.75
1445.3125
1460.9375
1609.375
1437.5
1546.875
1500.0
1351.5625
1523.4375
1445.3125
1414.0625
1484.375
1359.375
1679.6875
1476.5625
1554.6875
1367.1875
1382.8125
1468.75
1453.125
1406.25
1648.4375
1414.0625
1609.375
1515.625
1468.75
1617.1875
1476.5625
1625.0
1546.875
1484.375
1671.875
1359.375
1414.0625
1500.0
1156.25
1015.625
953.125
929.6875
937.5
984.375
992.1875
960.9375
921.875
906.25
906.25
890.625
882.8125
867.1875
851.5625
851.5625
835.9375
859.375
937.5
1234.375
1187.5
1359.375
1460.9375
1320.3125
1468.75
1632.8125
1421.875
1578.125
1687.5
1375.0
1562.5
1625.0
1398.4375
1031.25
1070.3125
1851.5625
1523.4375
1570.3125
1601.5625
1656.25
1656.25
1507.8125
1656.25
1515.625
1445.3125
1609.375
1492.1875
1523.4375
1617.1875
1460.9375
1375.0
1531.25
1453.125
1375.0
1429.6875
1328.125
1593.75
1601.5625
1523.4375
1640.625
1539.0625
1429.6875
1406.25
1187.5
1101.5625
1593.75
1484.375
1359.375
1531.25
1460.9375
1468.75
1625.0
1429.6875
1492.1875
1390.625
1359.375
1484.375
1390.625
1312.5
1679.6875
1421.875
1609.375
1437.5
1375.0
1593.75
1414.0625
1367.1875
1523.4375
1367.1875
1531.25
1585.9375
1367.1875
1500.0
1453.125
1515.625
1593.75
1429.6875
1515.625
1492.1875
1429.6875
1421.875
1476.5625
1406.25
1476.5625
1328.125
1046.875
1148.4375
1671.875
1648.4375
1750.0
1460.9375
1593.75
1523.4375
1492.1875
1625.0
1437.5
1601.5625
1500.0
1468.75
1546.875
1500.0
1546.875
1546.875
1375.0
1500.0
1492.1875
1429.6875
1570.3125
1421.875
1492.1875
1484.375
1304.6875
1515.625
1507.8125
1406.25
1546.875
1437.5
1445.3125
1375.0
1226.5625
1437.5
1484.375
1437.5
1726.5625
1476.5625
1585.9375
1554.6875
1515.625
1718.75
1492.1875
1453.125
1539.0625
1375.0
1531.25
1406.25
1492.1875
1585.9375
1429.6875
1492.1875
1453.125
1406.25
1476.5625
1406.25
1429.6875
1468.75
1414.0625
1398.4375
1328.125
1367.1875
1460.9375
1328.125
1429.6875
1437.5
1156.25
1406.25
1429.6875
1093.75
1062.5
1062.5
1453.125
1265.625
1281.25
1203.125
1046.875
1046.875
1070.3125
992.1875
1007.8125
1023.4375
1070.3125
1046.875
1117.1875
1078.125
984.375
968.75
953.125
1070.3125
1132.8125
1046.875
1195.3125
1289.0625
1132.8125
1343.75
1132.8125
1085.9375
1281.25
1101.5625
1304.6875
1226.5625
1031.25
1093.75
1148.4375
1000.0
1046.875
1460.9375
1117.1875
1421.875
1679.6875
1484.375
1859.375
1492.1875
1484.375
1710.9375
1484.375
1500.0
1625.0
1507.8125
1328.125
1726.5625
1406.25
1335.9375
1687.5
1476.5625
1437.5
1593.75
1500.0
1304.6875
1484.375
1328.125
1242.1875
1375.0
1359.375
1234.375
1414.0625
1421.875
1265.625
1414.0625
1375.0
1375.0
1500.0
1437.5
1359.375
1476.5625
1343.75
1382.8125
1507.8125
1328.125
1437.5
1437.5
1312.5
1492.1875
1312.5
1140.625
1617.1875
1492.1875
1453.125
1585.9375
1515.625
1492.1875
1609.375
1460.9375
1632.8125
1515.625
1351.5625
1500.0
1351.5625
1492.1875
1562.5
1437.5
1585.9375
1429.6875
1398.4375
1500.0
1351.5625
1492.1875
1500.0
1398.4375
1484.375
1359.375
1351.5625
1367.1875
1273.4375
1335.9375
1375.0
1406.25
1445.3125
1382.8125
1367.1875
1468.75
1375.0
1281.25
1484.375
1445.3125
1531.25
1617.1875
1445.3125
1531.25
1562.5
1343.75
1507.8125
1453.125
1257.8125
1695.3125
1460.9375
1679.6875
1570.3125
1562.5
1687.5
1546.875
1632.8125
1476.5625
1546.875
1562.5
1406.25
1507.8125
1375.0
1359.375
1492.1875
1429.6875
1367.1875
1656.25
1460.9375
1539.0625
1648.4375
1539.0625
1632.8125
1359.375
1375.0
1539.0625
1414.0625
1421.875
1585.9375
1460.9375
1500.0
1507.8125
1453.125
1632.8125
1539.0625
1453.125
1523.4375
1453.125
1437.5
1601.5625
1390.625
1468.75
1453.125
1414.0625
1648.4375
1476.5625
1570.3125
1500.0
1414.0625
1539.0625
1429.6875
1429.6875
1570.3125
1437.5
1453.125
1437.5
1445.3125
1578.125
1453.125
1093.75
1023.4375
1570.3125
1812.5
1640.625
1671.875
1789.0625
1531.25
1679.6875
1515.625
1539.0625
1664.0625
1507.8125
1476.5625
1570.3125
1414.0625
1523.4375
1640.625
1492.1875
1507.8125
1593.75
1390.625
1562.5
1570.3125
1437.5
1570.3125
1460.9375
1484.375
1531.25
1398.4375
1554.6875
1523.4375
1320.3125
1304.6875
1414.0625
1335.9375
1625.0
1437.5
1515.625
1492.1875
1367.1875
1539.0625
1429.6875
1406.25
1414.0625
1367.1875
1585.9375
1406.25
1421.875
1617.1875
1453.125
1554.6875
1484.375
1398.4375
1546.875
1375.0
1476.5625
1546.875
1468.75
1562.5
1507.8125
1429.6875
1617.1875
1539.0625
1523.4375
1585.9375
1468.75
1492.1875
1476.5625
1367.1875
1468.75
1414.0625
1296.875
1609.375
1421.875
1500.0
1578.125
1429.6875
1523.4375
1375.0
1343.75
1531.25
1421.875
1507.8125
1476.5625
1304.6875
1539.0625
1578.125
1359.375
1648.4375
1492.1875
1515.625
1617.1875
1476.5625
1585.9375
1453.125
1445.3125
1609.375
1375.0
1625.0
1484.375
1359.375
1507.8125
1398.4375
1390.625
1492.1875
1328.125
1335.9375
1312.5
1218.75
1367.1875
1617.1875
1453.125
1757.8125
1523.4375
1476.5625
1710.9375
1445.3125
1578.125
1476.5625
1476.5625
1609.375
1398.4375
1656.25
1539.0625
1421.875
1664.0625
1460.9375
1507.8125
1562.5
1390.625
1632.8125
1273.4375
1046.875
1492.1875
1375.0
1320.3125
1492.1875
1515.625
1734.375
1437.5
1539.0625
1421.875
1414.0625
1546.875
1437.5
1531.25
1515.625
1375.0
1476.5625
1335.9375
1476.5625
1578.125
1421.875
1531.25
1484.375
1437.5
1468.75
1320.3125
1390.625
1367.1875
1273.4375
1570.3125
1484.375
1476.5625
1625.0
1453.125
1601.5625
1539.0625
1492.1875
1531.25
1421.875
1390.625
1578.125
1421.875
1421.875
1531.25
1226.5625
1093.75
1500.0
1125.0
1859.375
1523.4375
1734.375
1695.3125
1531.25
1554.6875
1406.25
1500.0
1570.3125
1468.75
1523.4375
1445.3125
1492.1875
1578.125
1390.625
1515.625
1539.0625
1460.9375
1617.1875
1429.6875
1421.875
1617.1875
1398.4375
1492.1875
1515.625
1414.0625
1531.25
1500.0
1492.1875
1726.5625
1445.3125
1492.1875
1492.1875
1406.25
1601.5625
1679.6875
1546.875
1632.8125
1617.1875
1632.8125
1726.5625
1710.9375
1578.125
1531.25
1546.875
1375.0
1476.5625
1476.5625
1359.375
1531.25
1429.6875
1289.0625
1226.5625
1414.0625
1179.6875
1515.625
1367.1875
1093.75
1093.75
1125.0
1046.875
1039.0625
1570.3125
1335.9375
1320.3125
1476.5625
1289.0625
1085.9375
1039.0625
1554.6875
1367.1875
1515.625
1289.0625
1484.375
1539.0625
1312.5
1617.1875
1445.3125
1171.875
1132.8125
1289.0625
1226.5625
1976.5625
1445.3125
1554.6875
1500.0
1453.125
1609.375
1382.8125
1101.5625
1039.0625
1218.75
1492.1875
1585.9375
1414.0625
1632.8125
1460.9375
1523.4375
1570.3125
1515.625
1984.375
1453.125
1687.5
1625.0
1726.5625
1445.3125
1468.75
1453.125
1382.8125
1531.25
1492.1875
1406.25
1632.8125
1429.6875
1515.625
1406.25
1234.375
1265.625
1484.375
1117.1875
1156.25
1281.25
1046.875
1179.6875
1296.875
1054.6875
1250.0
1468.75
1109.375
1531.25
1375.0
1398.4375
1609.375
1578.125
1703.125
1523.4375
1515.625
1617.1875
1601.5625
1578.125
1460.9375
1562.5
1539.0625
1468.75
1640.625
1414.0625
1515.625
1578.125
1539.0625
1531.25
1570.3125
1523.4375
1484.375
1382.8125
1515.625
1445.3125
1476.5625
1445.3125
1398.4375
1507.8125
1398.4375
1312.5
1562.5
1414.0625
1328.125
1468.75
1437.5
1421.875
1507.8125
1281.25
1375.0
1273.4375
1109.375
1382.8125
1453.125
1179.6875
1242.1875
1265.625
1093.75
992.1875
953.125
945.3125
890.625
882.8125
867.1875
828.125
828.125
820.3125
828.125
875.0
875.0
906.25
921.875
984.375
968.75
1578.125
1445.3125
1234.375
1523.4375
1382.8125
1171.875
1585.9375
1367.1875
1343.75
1640.625
1484.375
1531.25
1476.5625
1460.9375
1609.375
1562.5
1593.75
1695.3125
1640.625
1515.625
1492.1875
1335.9375
1546.875
1414.0625
1328.125
1609.375
1382.8125
1289.0625
1421.875
1210.9375
1179.6875
1601.5625
1359.375
1250.0
1476.5625
1382.8125
1226.5625
1367.1875
1351.5625
1320.3125
1429.6875
1468.75
1507.8125
1593.75
1406.25
1484.375
1320.3125
1460.9375
1382.8125
1304.6875
1453.125
1406.25
1328.125
1523.4375
1398.4375
1296.875
1468.75
1257.8125
1148.4375
1382.8125
1421.875
1476.5625
1273.4375
1335.9375
1242.1875
1335.9375
1242.1875
1093.75
1109.375
1148.4375
1101.5625
1140.625
1546.875
1281.25
1203.125
1484.375
1335.9375
1171.875
1226.5625
1039.0625
976.5625
898.4375
898.4375
914.0625
929.6875
1710.9375
1281.25
1101.5625
1226.5625
1281.25
1007.8125
1000.0
1023.4375
1023.4375
976.5625
992.1875
1484.375
1187.5
1109.375
1218.75
1570.3125
1601.5625
1539.0625
1421.875
1289.0625
1351.5625
1453.125
1304.6875
1492.1875
1460.9375
1562.5
1609.375
1328.125
1281.25
1539.0625
1296.875
1250.0
1468.75
1343.75
1234.375
1414.0625
1406.25
1234.375
1460.9375
1312.5
1281.25
1437.5
1312.5
1218.75
1257.8125
1140.625
1195.3125
1390.625
1156.25
1203.125
1273.4375
1125.0
1164.0625
1187.5
1132.8125
1070.3125
1078.125
1085.9375
