1031.25
1023.4375
1046.875
1015.625
1023.4375
1039.0625
1039.0625
992.1875
1007.8125
1054.6875
1023.4375
1015.625
1023.4375
1031.25
1046.875
1023.4375
1039.0625
1046.875
1000.0
992.1875
1000.0
1023.4375
1000.0
1046.875
1062.5
1062.5
1054.6875
1070.3125
1070.3125
1031.25
1031.25
1039.0625
1039.0625
1046.875
1046.875
1054.6875
1031.25
1031.25
1070.3125
1062.5
1039.0625
1031.25
992.1875
1000.0
1054.6875
1007.8125
1007.8125
1015.625
1039.0625
1023.4375
1062.5
1078.125
1046.875
1007.8125
1046.875
1007.8125
1000.0
1015.625
1054.6875
1070.3125
1007.8125
1031.25
1015.625
1007.8125
1031.25
1031.25
1000.0
1039.0625
1085.9375
1046.875
1023.4375
1054.6875
1085.9375
1085.9375
1039.0625
976.5625
1015.625
1015.625
1046.875
1062.5
1070.3125
1054.6875
1023.4375
1039.0625
1039.0625
1062.5
1101.5625
1070.3125
1031.25
1046.875
1046.875
1039.0625
1039.0625
1078.125
1054.6875
1039.0625
1070.3125
1070.3125
1085.9375
1054.6875
1109.375
1085.9375
1101.5625
1085.9375
1078.125
1054.6875
1039.0625
1039.0625
1023.4375
1023.4375
1062.5
1054.6875
1078.125
1039.0625
1031.25
1070.3125
1085.9375
1078.125
1109.375
1148.4375
1101.5625
1078.125
1125.0
1132.8125
1062.5
1085.9375
1085.9375
1085.9375
1054.6875
1078.125
1093.75
1085.9375
1062.5
1101.5625
1054.6875
1062.5
1078.125
1039.0625
1000.0
1023.4375
1023.4375
1007.8125
1000.0
1023.4375
1023.4375
1015.625
1023.4375
1039.0625
1046.875
1007.8125
1085.9375
1031.25
1031.25
1000.0
992.1875
1015.625
1031.25
1031.25
1054.6875
1062.5
1031.25
1007.8125
1031.25
1054.6875
1031.25
1000.0
1031.25
1054.6875
1015.625
1046.875
1085.9375
1039.0625
1031.25
1070.3125
1046.875
1039.0625
1031.25
1039.0625
1007.8125
1023.4375
1046.875
1062.5
1031.25
1070.3125
1062.5
1070.3125
1015.625
1023.4375
1031.25
1015.625
1070.3125
1062.5
1085.9375
1031.25
1039.0625
1054.6875
1031.25
1039.0625
1101.5625
1085.9375
1023.4375
1046.875
1117.1875
1062.5
1031.25
1023.4375
1062.5
1039.0625
1007.8125
1078.125
1117.1875
1039.0625
1054.6875
1070.3125
1062.5
1039.0625
1023.4375
1070.3125
1062.5
976.5625
984.375
1023.4375
1039.0625
1023.4375
1078.125
1054.6875
1015.625
984.375
1023.4375
1062.5
1078.125
1031.25
1085.9375
1093.75
1085.9375
1031.25
1101.5625
1085.9375
1046.875
1062.5
1148.4375
1171.875
1070.3125
1187.5
1117.1875
968.75
882.8125
843.75
835.9375
820.3125
835.9375
859.375
906.25
960.9375
992.1875
1039.0625
992.1875
1000.0
1015.625
1007.8125
992.1875
1000.0
1023.4375
1000.0
1007.8125
1015.625
1054.6875
1078.125
1062.5
1164.0625
1140.625
1125.0
1109.375
1109.375
1093.75
1039.0625
1156.25
1164.0625
1078.125
1078.125
1062.5
1078.125
1023.4375
1039.0625
1132.8125
1054.6875
1062.5
984.375
1031.25
1031.25
1078.125
1093.75
1085.9375
1039.0625
1085.9375
1078.125
1054.6875
1078.125
1093.75
1078.125
1039.0625
1046.875
1039.0625
1023.4375
1039.0625
1093.75
1085.9375
1054.6875
1046.875
1101.5625
1070.3125
1046.875
1054.6875
1031.25
1000.0
1023.4375
1031.25
1062.5
1046.875
1039.0625
1015.625
1039.0625
1000.0
1062.5
1132.8125
1125.0
1078.125
1093.75
1101.5625
1054.6875
1093.75
1109.375
1093.75
1023.4375
1015.625
1031.25
1023.4375
1007.8125
1023.4375
1023.4375
1070.3125
1078.125
1109.375
1046.875
1015.625
1078.125
1085.9375
1078.125
1117.1875
1132.8125
1078.125
1125.0
1195.3125
1226.5625
1164.0625
1164.0625
1148.4375
1101.5625
1101.5625
1093.75
1109.375
1101.5625
1156.25
1132.8125
1156.25
1203.125
1171.875
1156.25
1140.625
1101.5625
1054.6875
1085.9375
1117.1875
1125.0
1062.5
1070.3125
1085.9375
1046.875
1070.3125
1093.75
1101.5625
1046.875
1117.1875
1125.0
1062.5
1140.625
1148.4375
1109.375
1039.0625
1062.5
1085.9375
1046.875
1070.3125
1093.75
1054.6875
1101.5625
1054.6875
1023.4375
1023.4375
1046.875
1031.25
1000.0
1031.25
1000.0
960.9375
937.5
937.5
890.625
929.6875
992.1875
1046.875
1054.6875
1054.6875
1093.75
1054.6875
1023.4375
1000.0
1078.125
1054.6875
1054.6875
1046.875
1101.5625
1093.75
1070.3125
1062.5
1070.3125
1062.5
1031.25
1054.6875
1023.4375
1046.875
1054.6875
1070.3125
1054.6875
1015.625
1078.125
1070.3125
1070.3125
1085.9375
1093.75
1093.75
1054.6875
1046.875
1109.375
1031.25
984.375
1054.6875
1085.9375
1078.125
1062.5
1132.8125
1156.25
1039.0625
1109.375
1132.8125
1148.4375
1031.25
1078.125
1070.3125
1031.25
1070.3125
1109.375
1117.1875
1078.125
1054.6875
1062.5
1046.875
1023.4375
1062.5
1101.5625
1070.3125
1070.3125
1023.4375
1023.4375
1039.0625
1007.8125
1078.125
1046.875
1046.875
1054.6875
1093.75
1109.375
1101.5625
1031.25
1085.9375
1101.5625
1101.5625
1101.5625
1289.0625
1164.0625
1109.375
976.5625
921.875
898.4375
945.3125
1125.0
1171.875
1164.0625
1171.875
1156.25
1093.75
1101.5625
1171.875
1140.625
1148.4375
1156.25
1117.1875
1117.1875
1046.875
1109.375
1109.375
1054.6875
1023.4375
1054.6875
1101.5625
1078.125
1070.3125
1101.5625
1101.5625
1085.9375
1085.9375
1109.375
1093.75
1078.125
1070.3125
1070.3125
1054.6875
1078.125
1070.3125
1062.5
1070.3125
1070.3125
1062.5
1054.6875
1078.125
1046.875
1046.875
960.9375
945.3125
976.5625
984.375
1007.8125
1007.8125
976.5625
960.9375
1023.4375
1023.4375
1007.8125
1000.0
1046.875
1070.3125
1062.5
1031.25
1078.125
1054.6875
1070.3125
1125.0
1132.8125
1078.125
1070.3125
1101.5625
1156.25
1117.1875
1078.125
1054.6875
1054.6875
1093.75
1125.0
1187.5
1171.875
1156.25
1210.9375
1171.875
1195.3125
1125.0
1140.625
1132.8125
1085.9375
1085.9375
1093.75
1109.375
1062.5
1140.625
1132.8125
1109.375
1085.9375
1109.375
1093.75
1078.125
1093.75
1085.9375
1046.875
1078.125
1062.5
1039.0625
1039.0625
1054.6875
1117.1875
1140.625
1101.5625
1101.5625
1062.5
1015.625
1015.625
1015.625
1101.5625
1125.0
1093.75
1148.4375
1117.1875
1101.5625
1085.9375
1093.75
1062.5
1062.5
1093.75
1140.625
1093.75
1085.9375
1109.375
1062.5
1070.3125
1101.5625
1093.75
1101.5625
1093.75
1125.0
1117.1875
1179.6875
1125.0
1140.625
1093.75
1039.0625
1054.6875
1078.125
1101.5625
1093.75
1101.5625
1101.5625
1101.5625
1117.1875
1117.1875
1218.75
1195.3125
1171.875
1140.625
1140.625
1109.375
1078.125
1062.5
1046.875
1054.6875
1054.6875
1109.375
1070.3125
1132.8125
1125.0
1101.5625
1070.3125
1070.3125
1070.3125
1070.3125
1062.5
1109.375
1132.8125
1093.75
1085.9375
1101.5625
1101.5625
1031.25
1078.125
1093.75
1171.875
1101.5625
1148.4375
1117.1875
1125.0
1117.1875
1148.4375
1187.5
1164.0625
1140.625
1117.1875
1156.25
1078.125
1148.4375
1093.75
1062.5
992.1875
984.375
976.5625
1015.625
1023.4375
1101.5625
1070.3125
1054.6875
1078.125
1062.5
1023.4375
1062.5
1093.75
1046.875
1023.4375
1109.375
1117.1875
1085.9375
1062.5
1101.5625
1054.6875
1031.25
1078.125
1078.125
1085.9375
1070.3125
1156.25
1093.75
1140.625
1140.625
1117.1875
1046.875
1109.375
1140.625
1101.5625
1039.0625
1085.9375
1070.3125
1078.125
1101.5625
1179.6875
1078.125
1117.1875
1085.9375
1085.9375
1101.5625
1117.1875
1117.1875
1085.9375
1101.5625
1101.5625
1062.5
1062.5
1101.5625
1171.875
1140.625
1109.375
1093.75
937.5
882.8125
851.5625
828.125
828.125
851.5625
875.0
890.625
867.1875
921.875
953.125
898.4375
890.625
914.0625
945.3125
984.375
976.5625
992.1875
1046.875
1078.125
1062.5
1101.5625
1195.3125
1281.25
1273.4375
1289.0625
1250.0
1273.4375
1281.25
1265.625
1187.5
1179.6875
1195.3125
1171.875
1156.25
1218.75
1242.1875
1203.125
1234.375
1242.1875
1195.3125
1179.6875
1210.9375
1171.875
1156.25
1179.6875
1109.375
1093.75
1085.9375
1078.125
1070.3125
1148.4375
1179.6875
1101.5625
1156.25
1195.3125
1125.0
1125.0
1132.8125
1164.0625
1093.75
1062.5
1109.375
1078.125
1117.1875
1101.5625
1062.5
1125.0
1132.8125
1140.625
1117.1875
1140.625
1164.0625
1125.0
1140.625
1117.1875
1117.1875
1093.75
1125.0
1023.4375
992.1875
992.1875
1007.8125
1015.625
1078.125
1093.75
1085.9375
1039.0625
1070.3125
1085.9375
1039.0625
1062.5
1085.9375
1023.4375
1078.125
1125.0
1195.3125
1148.4375
1156.25
1148.4375
1171.875
1109.375
1148.4375
1148.4375
1148.4375
1070.3125
1140.625
1101.5625
1101.5625
1132.8125
1156.25
1132.8125
1085.9375
1179.6875
1187.5
1101.5625
1093.75
1078.125
1046.875
1015.625
1007.8125
1062.5
1031.25
1054.6875
1070.3125
1039.0625
1031.25
1078.125
1125.0
1093.75
1093.75
1117.1875
1093.75
1078.125
1093.75
1164.0625
1093.75
1078.125
1125.0
1078.125
1023.4375
1046.875
1015.625
1062.5
1054.6875
1101.5625
1101.5625
1054.6875
1117.1875
1085.9375
1046.875
1000.0
1046.875
1015.625
1000.0
1015.625
1046.875
1078.125
1023.4375
1046.875
1062.5
1039.0625
1093.75
1109.375
1125.0
1046.875
1039.0625
1031.25
1039.0625
1015.625
1125.0
1101.5625
1101.5625
1101.5625
1117.1875
1132.8125
1085.9375
1117.1875
1187.5
1148.4375
1156.25
1156.25
1109.375
1070.3125
1062.5
1109.375
1070.3125
1125.0
1125.0
1109.375
1054.6875
1101.5625
1140.625
1101.5625
1101.5625
1125.0
1093.75
1070.3125
1093.75
1101.5625
1085.9375
1070.3125
1132.8125
1117.1875
1109.375
1046.875
1109.375
1140.625
1093.75
1109.375
1156.25
1179.6875
1085.9375
1101.5625
1078.125
1078.125
945.3125
906.25
898.4375
882.8125
898.4375
937.5
1031.25
1062.5
1101.5625
1070.3125
1031.25
984.375
1062.5
1062.5
1031.25
1046.875
1117.1875
1078.125
1109.375
1125.0
1125.0
1109.375
1187.5
1210.9375
1132.8125
1054.6875
984.375
1000.0
1101.5625
1250.0
1210.9375
1078.125
1132.8125
1171.875
1125.0
1070.3125
1093.75
1132.8125
1140.625
1171.875
1164.0625
1140.625
1164.0625
1156.25
1101.5625
1078.125
1109.375
1109.375
1054.6875
1054.6875
1046.875
1023.4375
1007.8125
1046.875
992.1875
929.6875
867.1875
851.5625
851.5625
906.25
882.8125
859.375
843.75
820.3125
812.5
789.0625
757.8125
765.625
757.8125
742.1875
750.0
742.1875
742.1875
742.1875
734.375
726.5625
726.5625
718.75
710.9375
726.5625
710.9375
718.75
718.75
718.75
718.75
726.5625
718.75
718.75
710.9375
718.75
726.5625
718.75
734.375
750.0
742.1875
750.0
742.1875
757.8125
765.625
781.25
765.625
773.4375
804.6875
851.5625
882.8125
867.1875
843.75
812.5
796.875
781.25
773.4375
789.0625
804.6875
828.125
820.3125
843.75
914.0625
984.375
992.1875
1070.3125
1085.9375
1023.4375
1000.0
1023.4375
1078.125
1031.25
1078.125
1070.3125
1070.3125
1039.0625
1062.5
1085.9375
1007.8125
1070.3125
1054.6875
1039.0625
984.375
1023.4375
1007.8125
1031.25
1023.4375
1039.0625
1031.25
1023.4375
1054.6875
1015.625
1007.8125
1023.4375
1031.25
1023.4375
1000.0
1031.25
1046.875
1039.0625
1031.25
1054.6875
1117.1875
1015.625
1070.3125
1054.6875
1054.6875
1046.875
1109.375
1070.3125
1007.8125
1125.0
1101.5625
1023.4375
1093.75
1078.125
1023.4375
1109.375
1132.8125
1062.5
1085.9375
1070.3125
1039.0625
1007.8125
1093.75
1101.5625
1039.0625
1164.0625
1132.8125
1062.5
1117.1875
1093.75
1062.5
1093.75
1070.3125
1054.6875
1085.9375
1101.5625
1062.5
1171.875
1101.5625
1054.6875
1109.375
1117.1875
1078.125
1132.8125
1187.5
1085.9375
1117.1875
1125.0
1117.1875
1125.0
1140.625
1140.625
1187.5
1179.6875
1125.0
1148.4375
1164.0625
1101.5625
1140.625
1148.4375
1101.5625
1109.375
1109.375
1093.75
1117.1875
1164.0625
1078.125
1117.1875
1140.625
1078.125
1140.625
1156.25
1117.1875
1164.0625
1187.5
1117.1875
1171.875
1179.6875
1117.1875
1171.875
1171.875
1140.625
1187.5
1164.0625
1140.625
1171.875
1132.8125
1132.8125
1132.8125
1125.0
1125.0
1125.0
1117.1875
1078.125
1125.0
1148.4375
1085.9375
1125.0
1109.375
1085.9375
1156.25
1140.625
1156.25
1171.875
1140.625
1101.5625
1078.125
1101.5625
1046.875
1101.5625
1148.4375
1078.125
1132.8125
1148.4375
1132.8125
1156.25
1195.3125
1125.0
1156.25
1117.1875
1093.75
1101.5625
1125.0
1093.75
1132.8125
1164.0625
1132.8125
1148.4375
1171.875
1085.9375
1132.8125
1156.25
1125.0
1210.9375
1140.625
1156.25
1203.125
1148.4375
1117.1875
1156.25
1187.5
1132.8125
1234.375
1195.3125
1125.0
1187.5
1164.0625
1187.5
1250.0
1148.4375
1117.1875
1187.5
1171.875
1242.1875
1242.1875
1218.75
1242.1875
1164.0625
1093.75
1125.0
1171.875
1132.8125
1156.25
1171.875
1125.0
1179.6875
1164.0625
1109.375
1226.5625
1164.0625
1140.625
1187.5
1195.3125
1171.875
1109.375
1156.25
1187.5
1117.1875
1132.8125
1156.25
1156.25
1164.0625
1179.6875
1171.875
1164.0625
1203.125
1156.25
1156.25
1156.25
1156.25
1156.25
1171.875
1164.0625
1125.0
1140.625
1156.25
1109.375
1148.4375
1148.4375
1132.8125
1195.3125
1156.25
1101.5625
1093.75
1148.4375
1132.8125
1117.1875
1171.875
1148.4375
1171.875
1203.125
1171.875
1125.0
1148.4375
1117.1875
1125.0
1171.875
1140.625
1117.1875
1164.0625
1148.4375
1164.0625
1156.25
1148.4375
1117.1875
1156.25
1164.0625
1093.75
1179.6875
1195.3125
1171.875
1164.0625
1234.375
1203.125
1203.125
1117.1875
1179.6875
1203.125
1164.0625
1210.9375
1179.6875
1125.0
1179.6875
1234.375
1140.625
1109.375
1164.0625
1148.4375
1164.0625
1234.375
1140.625
1085.9375
1109.375
1164.0625
1140.625
1164.0625
1140.625
1117.1875
1140.625
1234.375
1078.125
1140.625
1195.3125
1117.1875
1226.5625
1179.6875
1117.1875
1187.5
1195.3125
1164.0625
1125.0
1218.75
1140.625
1078.125
1093.75
1148.4375
1054.6875
1070.3125
1140.625
1109.375
1093.75
1210.9375
1085.9375
1062.5
1101.5625
1140.625
1093.75
1078.125
1117.1875
1140.625
1070.3125
1218.75
1132.8125
1125.0
1125.0
1289.0625
1132.8125
1117.1875
1140.625
1156.25
1117.1875
1156.25
1210.9375
1242.1875
1195.3125
1179.6875
1179.6875
1046.875
1039.0625
1085.9375
1046.875
1078.125
1140.625
1117.1875
1078.125
1195.3125
1171.875
1132.8125
1093.75
1117.1875
1117.1875
1070.3125
1117.1875
1156.25
1093.75
1101.5625
1093.75
1117.1875
1062.5
1125.0
1171.875
1140.625
1140.625
1039.0625
984.375
921.875
875.0
906.25
976.5625
1164.0625
1210.9375
1132.8125
1117.1875
1164.0625
1179.6875
1140.625
1148.4375
1226.5625
1148.4375
1257.8125
1273.4375
1195.3125
1265.625
1187.5
1289.0625
1250.0
1218.75
1218.75
1234.375
1156.25
1156.25
1242.1875
1234.375
1148.4375
1234.375
1289.0625
1218.75
1210.9375
1210.9375
1195.3125
1218.75
1195.3125
1164.0625
1187.5
1179.6875
1171.875
1187.5
1179.6875
1156.25
1140.625
1148.4375
1117.1875
1187.5
1117.1875
1125.0
1117.1875
1187.5
1140.625
1156.25
1179.6875
1171.875
1117.1875
1171.875
1171.875
1054.6875
968.75
953.125
921.875
984.375
1070.3125
1148.4375
1179.6875
1273.4375
1257.8125
1187.5
1195.3125
1234.375
1187.5
1171.875
1234.375
1218.75
1273.4375
1273.4375
1203.125
1226.5625
1171.875
1125.0
1007.8125
992.1875
1031.25
1031.25
1210.9375
1226.5625
1210.9375
1281.25
1234.375
1156.25
1210.9375
1234.375
1148.4375
1210.9375
1164.0625
1148.4375
1234.375
1140.625
1171.875
1117.1875
1226.5625
1148.4375
1132.8125
1156.25
1171.875
1078.125
1093.75
1132.8125
1070.3125
1132.8125
1156.25
1125.0
1148.4375
1171.875
1179.6875
1125.0
1132.8125
1132.8125
1093.75
1085.9375
1101.5625
1101.5625
1125.0
1117.1875
1148.4375
1148.4375
1109.375
1132.8125
1132.8125
1078.125
1132.8125
1179.6875
1187.5
1140.625
1210.9375
1210.9375
1140.625
1148.4375
1179.6875
1171.875
1140.625
1203.125
1140.625
1101.5625
1117.1875
1156.25
1125.0
1156.25
1187.5
1117.1875
1093.75
1125.0
1109.375
1070.3125
1093.75
1109.375
1132.8125
1101.5625
1179.6875
1171.875
1101.5625
1085.9375
1164.0625
1109.375
1054.6875
1085.9375
1085.9375
1023.4375
968.75
929.6875
890.625
875.0
914.0625
976.5625
1085.9375
1148.4375
1085.9375
1085.9375
1109.375
1140.625
1093.75
1109.375
1062.5
1046.875
1054.6875
1195.3125
1203.125
1085.9375
1164.0625
1250.0
1140.625
1234.375
1195.3125
1117.1875
1101.5625
1148.4375
1125.0
1195.3125
1250.0
1195.3125
1203.125
1226.5625
1164.0625
1148.4375
1156.25
1187.5
1171.875
1218.75
1218.75
1187.5
1187.5
1187.5
1148.4375
1171.875
1179.6875
1156.25
1109.375
1132.8125
1164.0625
1187.5
1195.3125
1226.5625
1218.75
1171.875
1218.75
1195.3125
1109.375
1109.375
1101.5625
1054.6875
1078.125
1125.0
1156.25
1085.9375
1117.1875
1164.0625
1132.8125
1179.6875
1187.5
1148.4375
1132.8125
1164.0625
1140.625
1101.5625
1140.625
1140.625
1132.8125
1109.375
1132.8125
1125.0
1101.5625
1125.0
1164.0625
1171.875
1125.0
1140.625
1140.625
1101.5625
1093.75
1070.3125
1085.9375
1093.75
1117.1875
1132.8125
1109.375
1109.375
1125.0
1109.375
1109.375
1156.25
1203.125
1140.625
1148.4375
1132.8125
1117.1875
1125.0
1109.375
1109.375
1031.25
1062.5
1046.875
1015.625
1078.125
1156.25
1132.8125
1187.5
1218.75
1164.0625
1195.3125
1203.125
1156.25
1164.0625
1187.5
1156.25
1226.5625
1195.3125
1171.875
1140.625
1195.3125
1187.5
1195.3125
1210.9375
1109.375
1187.5
1164.0625
1125.0
1093.75
1093.75
1109.375
1164.0625
1164.0625
1117.1875
1140.625
1109.375
1125.0
1078.125
1156.25
1210.9375
1218.75
1195.3125
1156.25
1093.75
1109.375
1125.0
1140.625
1250.0
1226.5625
1187.5
1226.5625
1203.125
1187.5
1140.625
1265.625
1250.0
1164.0625
1195.3125
1179.6875
1156.25
1156.25
1242.1875
1195.3125
1179.6875
1210.9375
1195.3125
1164.0625
1203.125
1210.9375
1171.875
1195.3125
1179.6875
1171.875
1156.25
1125.0
1156.25
1070.3125
1109.375
1148.4375
1125.0
1187.5
1164.0625
1140.625
1093.75
1000.0
976.5625
1023.4375
1101.5625
1156.25
1156.25
1179.6875
1171.875
1140.625
1164.0625
1101.5625
1109.375
1140.625
1171.875
1187.5
1171.875
1171.875
1093.75
1046.875
1054.6875
1085.9375
1109.375
1164.0625
1148.4375
1187.5
1203.125
1187.5
1156.25
1171.875
1187.5
1187.5
1195.3125
1171.875
1117.1875
1148.4375
1140.625
1156.25
1101.5625
1164.0625
1179.6875
1210.9375
1234.375
1195.3125
1171.875
1085.9375
1093.75
1140.625
1117.1875
1070.3125
1101.5625
1101.5625
1109.375
1171.875
1101.5625
1085.9375
1109.375
1140.625
1148.4375
1156.25
1171.875
1109.375
1125.0
1148.4375
1156.25
1085.9375
1125.0
1156.25
1148.4375
1125.0
1148.4375
1156.25
1117.1875
1078.125
1062.5
1070.3125
1046.875
1070.3125
1109.375
1093.75
1109.375
1085.9375
1164.0625
1140.625
1226.5625
1203.125
1125.0
1125.0
1156.25
1132.8125
1101.5625
1132.8125
1164.0625
1171.875
1132.8125
1140.625
1171.875
1085.9375
1039.0625
1070.3125
1023.4375
1070.3125
1125.0
1132.8125
1203.125
1210.9375
1132.8125
1078.125
1109.375
1109.375
1109.375
1109.375
1101.5625
1148.4375
1203.125
1210.9375
1218.75
1250.0
1242.1875
1203.125
1210.9375
1210.9375
1171.875
1187.5
1195.3125
1203.125
1164.0625
1109.375
1117.1875
1078.125
1070.3125
1085.9375
1117.1875
1085.9375
1117.1875
1140.625
1187.5
1148.4375
1179.6875
1187.5
1125.0
1156.25
1164.0625
1140.625
1140.625
1179.6875
1203.125
1125.0
1171.875
1171.875
1132.8125
1085.9375
1109.375
1125.0
1109.375
1109.375
1117.1875
1140.625
1132.8125
1156.25
1164.0625
1148.4375
1093.75
1070.3125
1101.5625
1039.0625
1125.0
1171.875
1148.4375
1195.3125
1203.125
1187.5
1187.5
1140.625
1140.625
1195.3125
1187.5
1132.8125
1171.875
1187.5
1140.625
1171.875
1179.6875
1148.4375
1125.0
1164.0625
1148.4375
1101.5625
1171.875
1171.875
1203.125
1148.4375
1179.6875
1140.625
1187.5
1195.3125
1148.4375
1109.375
1093.75
1062.5
1093.75
1148.4375
1164.0625
1171.875
1218.75
1187.5
1140.625
1132.8125
1195.3125
1203.125
1156.25
1171.875
1195.3125
1109.375
1156.25
1187.5
1171.875
1187.5
1250.0
1187.5
1203.125
1234.375
1171.875
1187.5
1187.5
1148.4375
1164.0625
1187.5
1171.875
1125.0
1148.4375
1148.4375
1093.75
1109.375
1140.625
1164.0625
1093.75
1156.25
1117.1875
1023.4375
1000.0
1015.625
1039.0625
1023.4375
1039.0625
1062.5
1101.5625
1117.1875
1109.375
1132.8125
1195.3125
1156.25
1171.875
1125.0
1093.75
1101.5625
1117.1875
1078.125
1078.125
1125.0
1156.25
1132.8125
1171.875
1210.9375
1132.8125
1179.6875
1171.875
1148.4375
1125.0
1164.0625
1148.4375
1117.1875
1140.625
1148.4375
1109.375
1140.625
1156.25
1148.4375
1171.875
1210.9375
1125.0
1156.25
1156.25
1148.4375
1109.375
1164.0625
1156.25
1132.8125
1125.0
1085.9375
1062.5
1117.1875
1226.5625
1148.4375
1242.1875
1195.3125
1164.0625
1148.4375
1156.25
1171.875
1101.5625
1132.8125
1140.625
1109.375
1140.625
1148.4375
1125.0
1179.6875
1179.6875
1125.0
1117.1875
1132.8125
1132.8125
1062.5
1132.8125
1164.0625
1156.25
1210.9375
1148.4375
1125.0
1148.4375
1164.0625
1132.8125
1125.0
1171.875
1148.4375
1171.875
1101.5625
1171.875
1171.875
1109.375
1218.75
1164.0625
1062.5
1054.6875
1078.125
1039.0625
1101.5625
1164.0625
1242.1875
1234.375
1218.75
1156.25
1125.0
1125.0
1085.9375
1101.5625
1125.0
1046.875
1046.875
1085.9375
1148.4375
1132.8125
1164.0625
1171.875
1132.8125
1148.4375
1187.5
1125.0
1109.375
1148.4375
1078.125
1101.5625
1117.1875
1195.3125
1140.625
1171.875
1171.875
1140.625
1179.6875
1195.3125
1179.6875
1156.25
1140.625
1148.4375
1195.3125
1210.9375
1156.25
1125.0
1156.25
1140.625
1109.375
1156.25
1132.8125
1132.8125
1093.75
1140.625
1210.9375
1179.6875
1109.375
1132.8125
1117.1875
1148.4375
1078.125
1140.625
1195.3125
1132.8125
1164.0625
1164.0625
1070.3125
1109.375
1070.3125
1039.0625
1046.875
1054.6875
1117.1875
1164.0625
1218.75
1171.875
1171.875
1171.875
1156.25
1148.4375
1171.875
1148.4375
1148.4375
1195.3125
1187.5
1148.4375
1125.0
1132.8125
1093.75
1117.1875
1125.0
1117.1875
1140.625
1187.5
1171.875
1171.875
1242.1875
1203.125
1195.3125
1156.25
1148.4375
1070.3125
1140.625
1117.1875
1125.0
1140.625
1171.875
1140.625
1156.25
1140.625
1117.1875
1117.1875
1117.1875
1109.375
1132.8125
1117.1875
1093.75
1132.8125
1148.4375
1117.1875
1085.9375
1109.375
1109.375
1085.9375
1085.9375
1117.1875
1117.1875
1015.625
1007.8125
1039.0625
1062.5
1132.8125
1210.9375
1179.6875
1156.25
1187.5
1156.25
1117.1875
1132.8125
1156.25
1125.0
1109.375
1140.625
1156.25
1156.25
1117.1875
1156.25
1164.0625
1125.0
1132.8125
1156.25
1140.625
1156.25
1179.6875
1148.4375
1109.375
1125.0
1109.375
1117.1875
1156.25
1179.6875
1140.625
1171.875
1187.5
1132.8125
1140.625
1171.875
1179.6875
1171.875
1210.9375
1156.25
1085.9375
1101.5625
1093.75
1117.1875
1101.5625
1125.0
1125.0
1101.5625
1140.625
1179.6875
1132.8125
1164.0625
1148.4375
1125.0
1070.3125
1117.1875
1187.5
1148.4375
1226.5625
1226.5625
1171.875
1132.8125
1187.5
1187.5
1109.375
1093.75
1039.0625
968.75
968.75
1039.0625
1164.0625
1234.375
1226.5625
1234.375
1156.25
1187.5
1171.875
1125.0
1164.0625
1179.6875
1148.4375
1164.0625
1171.875
1132.8125
1156.25
1148.4375
1132.8125
1171.875
1210.9375
1078.125
1054.6875
1085.9375
1093.75
1078.125
1078.125
1117.1875
1046.875
1039.0625
1101.5625
1132.8125
1132.8125
1164.0625
1132.8125
1132.8125
1125.0
1148.4375
1101.5625
1148.4375
1179.6875
1140.625
1164.0625
1132.8125
1109.375
1023.4375
1039.0625
1023.4375
1000.0
1015.625
1039.0625
1023.4375
1046.875
1046.875
1093.75
1117.1875
1148.4375
1093.75
1109.375
1078.125
1062.5
1062.5
1085.9375
1156.25
1093.75
1117.1875
1093.75
1078.125
1156.25
1156.25
1171.875
1164.0625
1164.0625
1140.625
1109.375
1132.8125
1140.625
1140.625
1140.625
1164.0625
1179.6875
1132.8125
1156.25
1140.625
1132.8125
1148.4375
1164.0625
1148.4375
1023.4375
953.125
953.125
953.125
1070.3125
1156.25
1203.125
1250.0
1226.5625
1148.4375
1210.9375
1171.875
1125.0
1156.25
1156.25
1132.8125
1179.6875
1156.25
1218.75
1187.5
1234.375
1257.8125
1250.0
1226.5625
1210.9375
1179.6875
1117.1875
1140.625
1171.875
1156.25
1234.375
1203.125
1164.0625
1132.8125
1109.375
1132.8125
1117.1875
1164.0625
1203.125
1117.1875
1140.625
1187.5
1140.625
1109.375
1179.6875
1187.5
1171.875
1195.3125
1226.5625
1179.6875
1218.75
1242.1875
1203.125
1234.375
1187.5
1125.0
1132.8125
1140.625
1093.75
1078.125
1140.625
1140.625
1101.5625
1132.8125
1171.875
1132.8125
1132.8125
1187.5
1164.0625
1125.0
1101.5625
1093.75
1085.9375
1031.25
1054.6875
1101.5625
1117.1875
1093.75
1132.8125
1109.375
1046.875
1085.9375
1085.9375
1070.3125
1062.5
1023.4375
1039.0625
1007.8125
1070.3125
1101.5625
1101.5625
1148.4375
1187.5
1156.25
1109.375
1195.3125
1171.875
1125.0
1171.875
1179.6875
1156.25
1164.0625
1156.25
1132.8125
1078.125
1078.125
1078.125
1062.5
1015.625
1039.0625
1117.1875
1132.8125
1156.25
1195.3125
1187.5
1156.25
1195.3125
1195.3125
1164.0625
1187.5
1171.875
1132.8125
1109.375
1070.3125
1015.625
953.125
953.125
984.375
1023.4375
1093.75
1132.8125
1234.375
1234.375
1210.9375
1226.5625
1203.125
1203.125
1210.9375
1210.9375
1195.3125
1148.4375
1156.25
1140.625
1117.1875
1140.625
1101.5625
1125.0
1109.375
1171.875
1140.625
1117.1875
1070.3125
1085.9375
1085.9375
1085.9375
1125.0
1132.8125
1109.375
1054.6875
1070.3125
1070.3125
1109.375
1132.8125
1101.5625
1125.0
1148.4375
1148.4375
1125.0
1164.0625
1148.4375
1085.9375
1125.0
1156.25
1078.125
1039.0625
1031.25
1031.25
1007.8125
1093.75
1093.75
1085.9375
1148.4375
1101.5625
1101.5625
1117.1875
1101.5625
1132.8125
1132.8125
1125.0
1085.9375
1132.8125
1101.5625
1054.6875
1078.125
1093.75
1031.25
1054.6875
1078.125
1046.875
1109.375
1101.5625
1117.1875
1109.375
1132.8125
1148.4375
1109.375
1109.375
1117.1875
1085.9375
1070.3125
1109.375
1109.375
1109.375
1132.8125
1140.625
1117.1875
1125.0
1171.875
1179.6875
1234.375
1226.5625
1203.125
1195.3125
1203.125
1171.875
1125.0
1140.625
1148.4375
1132.8125
1117.1875
1117.1875
1078.125
1085.9375
1117.1875
1132.8125
1218.75
1179.6875
1156.25
1132.8125
1156.25
1148.4375
1156.25
1156.25
1156.25
1117.1875
1171.875
1187.5
1164.0625
1132.8125
1070.3125
1078.125
1132.8125
984.375
1390.625
1085.9375
1101.5625
1070.3125
1039.0625
1078.125
1117.1875
1125.0
1187.5
1187.5
1164.0625
1156.25
1132.8125
1187.5
1117.1875
1179.6875
1156.25
1117.1875
1164.0625
1164.0625
1140.625
1171.875
1132.8125
1070.3125
1070.3125
1070.3125
1101.5625
1093.75
1148.4375
1164.0625
1179.6875
1164.0625
1195.3125
1203.125
1132.8125
1171.875
1148.4375
1117.1875
1148.4375
1203.125
1210.9375
1187.5
1203.125
1187.5
1132.8125
1171.875
1148.4375
1132.8125
1070.3125
1085.9375
1117.1875
1085.9375
1101.5625
1164.0625
1164.0625
1148.4375
1187.5
1179.6875
1125.0
1117.1875
1140.625
1109.375
1054.6875
1101.5625
1062.5
1031.25
1039.0625
1062.5
1039.0625
1109.375
1171.875
1117.1875
1148.4375
1101.5625
1070.3125
1085.9375
1093.75
1078.125
1093.75
1125.0
1078.125
1085.9375
1125.0
1046.875
1062.5
1070.3125
1101.5625
1062.5
1085.9375
1109.375
1085.9375
1125.0
1132.8125
1132.8125
1078.125
1101.5625
1117.1875
1085.9375
1117.1875
1140.625
1148.4375
1070.3125
1093.75
1117.1875
1085.9375
1117.1875
1171.875
1164.0625
1132.8125
1179.6875
1164.0625
1140.625
1187.5
1195.3125
1140.625
1156.25
1179.6875
1140.625
1117.1875
1132.8125
1117.1875
1093.75
1109.375
1179.6875
1140.625
1109.375
1085.9375
1078.125
1007.8125
1039.0625
1117.1875
1093.75
1132.8125
1132.8125
1140.625
1101.5625
1117.1875
1109.375
1062.5
1085.9375
1132.8125
1132.8125
1109.375
1109.375
1140.625
1085.9375
1156.25
1210.9375
1179.6875
1218.75
1218.75
1195.3125
1179.6875
1210.9375
1164.0625
1218.75
1171.875
1148.4375
1093.75
1054.6875
1015.625
976.5625
960.9375
1000.0
1054.6875
1125.0
1156.25
1218.75
1187.5
1156.25
1156.25
1148.4375
1093.75
1125.0
1101.5625
1078.125
1093.75
1109.375
1101.5625
1109.375
1132.8125
1171.875
1148.4375
1140.625
1179.6875
1125.0
1148.4375
1148.4375
1140.625
1093.75
1093.75
1117.1875
1125.0
1125.0
1148.4375
1140.625
1109.375
1171.875
1156.25
1117.1875
1140.625
1164.0625
1109.375
1101.5625
1101.5625
1109.375
1085.9375
1093.75
1125.0
1140.625
1125.0
1156.25
1156.25
1117.1875
1101.5625
1117.1875
1125.0
1093.75
1140.625
1156.25
1117.1875
1203.125
1210.9375
1164.0625
1125.0
1125.0
1109.375
1093.75
1117.1875
1125.0
1085.9375
1117.1875
1140.625
1148.4375
1085.9375
1070.3125
1062.5
1078.125
1070.3125
1093.75
1085.9375
1078.125
1109.375
1093.75
1078.125
1117.1875
1117.1875
1085.9375
1093.75
1101.5625
1085.9375
1093.75
1117.1875
1085.9375
1062.5
1078.125
1117.1875
1093.75
1125.0
1179.6875
1164.0625
1148.4375
1187.5
1187.5
1125.0
1148.4375
1187.5
1132.8125
1109.375
1125.0
1148.4375
1093.75
1156.25
1179.6875
1093.75
1101.5625
1093.75
1125.0
1109.375
1140.625
1093.75
1039.0625
1109.375
1109.375
1125.0
1093.75
1078.125
1062.5
1054.6875
1085.9375
1085.9375
1070.3125
1093.75
1109.375
1039.0625
1046.875
1078.125
1117.1875
1109.375
1125.0
1140.625
1117.1875
1203.125
1187.5
1171.875
1179.6875
1195.3125
1203.125
1109.375
1117.1875
1093.75
1078.125
1062.5
1101.5625
1117.1875
1109.375
1117.1875
1164.0625
1156.25
1156.25
1156.25
1125.0
1109.375
1125.0
1164.0625
1101.5625
1109.375
1156.25
1054.6875
1054.6875
1054.6875
1078.125
1117.1875
1164.0625
1171.875
1125.0
1140.625
1140.625
1132.8125
1093.75
1132.8125
1125.0
1101.5625
1140.625
1203.125
1140.625
1187.5
1171.875
1164.0625
1171.875
1195.3125
1148.4375
1093.75
1085.9375
1109.375
1085.9375
1125.0
1148.4375
1117.1875
1117.1875
1171.875
1195.3125
1179.6875
1187.5
1195.3125
1171.875
1140.625
1210.9375
1179.6875
1132.8125
1179.6875
1171.875
1125.0
1093.75
1093.75
1070.3125
1078.125
1093.75
1156.25
1164.0625
1250.0
1242.1875
1210.9375
1226.5625
1203.125
1164.0625
1132.8125
1132.8125
1101.5625
1140.625
1164.0625
1093.75
1109.375
1164.0625
1140.625
1078.125
1117.1875
1140.625
1101.5625
1140.625
1179.6875
1156.25
1101.5625
1117.1875
1156.25
1140.625
1148.4375
1148.4375
1117.1875
1125.0
1132.8125
1156.25
1164.0625
1203.125
1164.0625
1101.5625
1109.375
1101.5625
1039.0625
1039.0625
1085.9375
1109.375
1093.75
1078.125
1101.5625
1062.5
1054.6875
1078.125
1070.3125
1085.9375
1093.75
1093.75
1093.75
1078.125
1101.5625
1140.625
1109.375
1148.4375
1093.75
1085.9375
1070.3125
1117.1875
1101.5625
1140.625
1132.8125
1109.375
1109.375
1148.4375
1148.4375
1101.5625
1109.375
1062.5
1070.3125
1070.3125
1140.625
1109.375
1101.5625
1125.0
1148.4375
1125.0
1101.5625
1132.8125
1132.8125
1062.5
1093.75
1140.625
1085.9375
1054.6875
1062.5
1085.9375
1125.0
1125.0
1171.875
1132.8125
1117.1875
1132.8125
1101.5625
1085.9375
1117.1875
1140.625
1117.1875
1085.9375
1101.5625
1156.25
1109.375
1109.375
1156.25
1187.5
1109.375
1109.375
1140.625
1093.75
1109.375
1125.0
1125.0
1078.125
1125.0
1117.1875
1070.3125
1117.1875
1117.1875
1140.625
1062.5
1164.0625
1132.8125
1101.5625
1117.1875
1117.1875
1015.625
984.375
992.1875
1007.8125
1046.875
1132.8125
1101.5625
1078.125
1101.5625
1078.125
1109.375
1164.0625
1132.8125
1156.25
1171.875
1164.0625
1148.4375
1179.6875
1179.6875
1109.375
953.125
984.375
1046.875
1093.75
1156.25
1179.6875
1148.4375
1132.8125
1179.6875
1101.5625
1054.6875
1039.0625
1062.5
1039.0625
1101.5625
1054.6875
945.3125
921.875
890.625
882.8125
843.75
851.5625
835.9375
820.3125
804.6875
804.6875
789.0625
781.25
765.625
757.8125
750.0
742.1875
742.1875
726.5625
718.75
703.125
710.9375
695.3125
687.5
687.5
695.3125
687.5
695.3125
703.125
718.75
765.625
820.3125
882.8125
875.0
968.75
1148.4375
1304.6875
1234.375
1148.4375
1156.25
1156.25
1187.5
1218.75
1257.8125
1187.5
1117.1875
1109.375
960.9375
984.375
1039.0625
1179.6875
1101.5625
1125.0
1062.5
1164.0625
1171.875
1156.25
1132.8125
1140.625
1148.4375
1179.6875
1148.4375
1179.6875
1187.5
1039.0625
992.1875
984.375
976.5625
1046.875
1179.6875
1203.125
1195.3125
1156.25
1148.4375
1132.8125
1140.625
1046.875
1000.0
968.75
992.1875
1031.25
1187.5
1195.3125
1179.6875
1195.3125
1171.875
1148.4375
1218.75
1195.3125
1132.8125
1195.3125
1101.5625
1148.4375
1125.0
1117.1875
1164.0625
1164.0625
1132.8125
1132.8125
1007.8125
945.3125
960.9375
1007.8125
992.1875
1093.75
1125.0
1101.5625
1132.8125
1109.375
1101.5625
1101.5625
1054.6875
1046.875
1000.0
976.5625
1007.8125
1023.4375
1000.0
1000.0
1039.0625
1039.0625
1132.8125
1140.625
1164.0625
1203.125
1171.875
1203.125
1210.9375
1117.1875
1125.0
1101.5625
1101.5625
1085.9375
1093.75
1046.875
1039.0625
984.375
968.75
1023.4375
1093.75
1046.875
1015.625
1007.8125
976.5625
1015.625
1078.125
1078.125
1109.375
1125.0
1132.8125
1109.375
1132.8125
1101.5625
1140.625
1132.8125
1093.75
1125.0
1148.4375
1101.5625
1109.375
1101.5625
1031.25
1031.25
1070.3125
1078.125
1046.875
1046.875
1054.6875
1062.5
1062.5
1031.25
1078.125
1140.625
1093.75
1093.75
1117.1875
1109.375
1039.0625
1046.875
1015.625
1000.0
1031.25
1070.3125
1093.75
1140.625
1187.5
1164.0625
1187.5
1156.25
1109.375
1054.6875
1039.0625
1093.75
1085.9375
1070.3125
1015.625
968.75
1015.625
1031.25
1046.875
1093.75
1132.8125
1093.75
1132.8125
1054.6875
1031.25
1054.6875
1062.5
1062.5
1023.4375
1023.4375
1015.625
968.75
960.9375
953.125
1039.0625
1023.4375
1015.625
1085.9375
1125.0
1140.625
1117.1875
1109.375
1085.9375
1109.375
1117.1875
1109.375
1117.1875
1078.125
992.1875
929.6875
890.625
929.6875
960.9375
1015.625
1007.8125
1078.125
1179.6875
1156.25
1164.0625
1085.9375
1085.9375
1062.5
1085.9375
1101.5625
1078.125
1117.1875
1093.75
1085.9375
1046.875
976.5625
992.1875
1000.0
1046.875
1062.5
1140.625
1156.25
1132.8125
1093.75
1171.875
1148.4375
1156.25
1156.25
1140.625
1093.75
1109.375
1085.9375
1054.6875
1046.875
1039.0625
1015.625
968.75
617.1875
515.625
1164.0625
1054.6875
1148.4375
1195.3125
1125.0
1109.375
1101.5625
1101.5625
1125.0
1125.0
1109.375
1070.3125
1101.5625
1125.0
1078.125
1054.6875
1093.75
1039.0625
960.9375
921.875
929.6875
937.5
953.125
1054.6875
1070.3125
1046.875
1101.5625
1132.8125
1164.0625
1109.375
1078.125
1062.5
1070.3125
1078.125
1054.6875
1054.6875
1062.5
1109.375
1125.0
1156.25
1171.875
1132.8125
1109.375
1132.8125
1117.1875
1070.3125
1093.75
1023.4375
1031.25
992.1875
1023.4375
1054.6875
1085.9375
1156.25
1164.0625
1148.4375
1148.4375
1101.5625
1125.0
1085.9375
1101.5625
1148.4375
1109.375
1093.75
1132.8125
1164.0625
1125.0
1117.1875
1078.125
1070.3125
1085.9375
1101.5625
1085.9375
1078.125
1109.375
1101.5625
1101.5625
1140.625
1140.625
1109.375
1085.9375
1046.875
1031.25
984.375
1000.0
1015.625
1054.6875
1039.0625
1062.5
1078.125
1078.125
1007.8125
929.6875
914.0625
937.5
1007.8125
1148.4375
1171.875
1203.125
1195.3125
1132.8125
1132.8125
1125.0
1093.75
1062.5
1078.125
1046.875
1007.8125
976.5625
1031.25
1085.9375
1210.9375
1203.125
1171.875
1171.875
1171.875
1164.0625
1171.875
1164.0625
1125.0
1171.875
1140.625
1132.8125
1148.4375
1125.0
1023.4375
960.9375
945.3125
984.375
1007.8125
1132.8125
1226.5625
1148.4375
1140.625
1171.875
1117.1875
1171.875
1140.625
1140.625
1156.25
1164.0625
1109.375
1078.125
1070.3125
1101.5625
1046.875
1078.125
1015.625
984.375
1046.875
1093.75
976.5625
968.75
1007.8125
1085.9375
1179.6875
1171.875
1125.0
1085.9375
1093.75
1101.5625
1085.9375
1125.0
1078.125
1078.125
1125.0
1140.625
1156.25
1132.8125
1140.625
1062.5
1070.3125
1093.75
1062.5
1062.5
1062.5
1046.875
1007.8125
984.375
953.125
968.75
1031.25
1085.9375
1031.25
992.1875
1000.0
1054.6875
1054.6875
1078.125
1093.75
1109.375
992.1875
945.3125
914.0625
914.0625
929.6875
1000.0
1015.625
1093.75
1125.0
1085.9375
1132.8125
1093.75
1031.25
960.9375
929.6875
921.875
945.3125
1007.8125
1031.25
1132.8125
1164.0625
1148.4375
1210.9375
1187.5
1156.25
1164.0625
1148.4375
1125.0
1148.4375
1156.25
1093.75
1070.3125
1054.6875
1039.0625
1062.5
1125.0
1132.8125
1093.75
1101.5625
1148.4375
1171.875
1125.0
1156.25
1140.625
1125.0
1109.375
1109.375
1054.6875
1015.625
1054.6875
1101.5625
1093.75
1093.75
1148.4375
1171.875
1117.1875
1078.125
1054.6875
953.125
929.6875
953.125
1015.625
1046.875
1078.125
1117.1875
1078.125
1125.0
1148.4375
1132.8125
1140.625
1085.9375
1062.5
1085.9375
1085.9375
992.1875
953.125
992.1875
1054.6875
1117.1875
1195.3125
1195.3125
1203.125
1179.6875
1164.0625
1203.125
1203.125
1195.3125
1187.5
1187.5
1179.6875
1132.8125
1156.25
1125.0
1093.75
1109.375
1132.8125
1015.625
968.75
976.5625
1007.8125
984.375
1054.6875
1093.75
1062.5
1085.9375
1078.125
1031.25
1078.125
1015.625
890.625
851.5625
812.5
796.875
789.0625
765.625
757.8125
757.8125
750.0
742.1875
734.375
734.375
734.375
750.0
765.625
765.625
781.25
773.4375
781.25
789.0625
796.875
812.5
867.1875
898.4375
921.875
960.9375
1007.8125
1078.125
1132.8125
1187.5
1179.6875
1195.3125
1195.3125
1164.0625
1132.8125
1078.125
1046.875
1070.3125
1093.75
1093.75
1070.3125
1093.75
1101.5625
1093.75
1000.0
945.3125
914.0625
945.3125
1093.75
1132.8125
1132.8125
1085.9375
1054.6875
1046.875
1109.375
1093.75
1140.625
1109.375
1070.3125
1007.8125
1031.25
1093.75
1140.625
1164.0625
1117.1875
1109.375
1031.25
1007.8125
992.1875
1023.4375
1023.4375
1109.375
1125.0
1179.6875
1132.8125
1140.625
1132.8125
1085.9375
1085.9375
1117.1875
1085.9375
1085.9375
1085.9375
929.6875
882.8125
851.5625
828.125
804.6875
796.875
812.5
820.3125
921.875
1015.625
1023.4375
1070.3125
1117.1875
1109.375
1007.8125
984.375
992.1875
1015.625
1054.6875
1132.8125
1210.9375
1226.5625
1218.75
1234.375
1210.9375
1195.3125
1218.75
1226.5625
1179.6875
1179.6875
1195.3125
1195.3125
1179.6875
1140.625
1140.625
1078.125
1046.875
1000.0
1000.0
1023.4375
1007.8125
992.1875
1062.5
1023.4375
1101.5625
1148.4375
1070.3125
1117.1875
1117.1875
1085.9375
1109.375
1117.1875
1062.5
1039.0625
1054.6875
1039.0625
1078.125
1101.5625
1125.0
1117.1875
1171.875
1187.5
1109.375
1093.75
1054.6875
1039.0625
1046.875
1007.8125
992.1875
976.5625
976.5625
1023.4375
1007.8125
1000.0
1015.625
1031.25
1015.625
976.5625
937.5
937.5
968.75
992.1875
976.5625
976.5625
1023.4375
1039.0625
1093.75
1132.8125
1070.3125
976.5625
976.5625
1023.4375
1039.0625
1085.9375
1140.625
1140.625
1148.4375
1187.5
1156.25
1078.125
1046.875
1007.8125
937.5
906.25
945.3125
1015.625
1039.0625
1093.75
1125.0
1132.8125
1101.5625
1125.0
1132.8125
1085.9375
1101.5625
1109.375
1078.125
1093.75
1085.9375
1046.875
1046.875
1007.8125
992.1875
992.1875
1039.0625
1093.75
1109.375
1171.875
1171.875
1148.4375
1164.0625
1179.6875
1125.0
1140.625
1117.1875
1078.125
1046.875
1046.875
1031.25
960.9375
968.75
929.6875
914.0625
867.1875
578.125
937.5
812.5
781.25
773.4375
773.4375
796.875
789.0625
789.0625
781.25
781.25
765.625
765.625
750.0
742.1875
742.1875
734.375
718.75
718.75
710.9375
710.9375
726.5625
765.625
859.375
929.6875
960.9375
1046.875
1148.4375
1132.8125
1164.0625
1218.75
1179.6875
1171.875
1210.9375
1195.3125
1085.9375
1101.5625
1070.3125
1015.625
1140.625
1195.3125
1164.0625
1164.0625
1210.9375
1156.25
1023.4375
992.1875
960.9375
976.5625
1046.875
1031.25
1062.5
1054.6875
1187.5
1062.5
945.3125
1031.25
1078.125
1062.5
1203.125
1210.9375
1156.25
1203.125
1101.5625
1031.25
1101.5625
992.1875
953.125
929.6875
1031.25
1156.25
1195.3125
1242.1875
1132.8125
1078.125
1140.625
1140.625
1070.3125
1203.125
1187.5
1125.0
1117.1875
1250.0
1117.1875
1125.0
1164.0625
1187.5
1101.5625
1140.625
1179.6875
1078.125
1148.4375
1085.9375
1046.875
1054.6875
1039.0625
1000.0
984.375
1031.25
1054.6875
1000.0
984.375
1031.25
1062.5
1062.5
1054.6875
1062.5
1046.875
1023.4375
1000.0
1078.125
1093.75
1031.25
1054.6875
1171.875
1085.9375
1015.625
1070.3125
1109.375
1085.9375
1296.875
1218.75
1109.375
1117.1875
1132.8125
1140.625
1101.5625
1109.375
1015.625
929.6875
929.6875
976.5625
1132.8125
1179.6875
1195.3125
1335.9375
1156.25
1031.25
1000.0
1109.375
1062.5
1109.375
1320.3125
1179.6875
1148.4375
1164.0625
1125.0
1257.8125
1179.6875
1078.125
1054.6875
1117.1875
1093.75
1031.25
1132.8125
1101.5625
1109.375
1210.9375
1250.0
1125.0
1125.0
1085.9375
992.1875
960.9375
945.3125
992.1875
