1304.6875
1375.0
1320.3125
1382.8125
1351.5625
1343.75
1281.25
1367.1875
1312.5
1367.1875
1281.25
1312.5
1226.5625
1250.0
1234.375
1242.1875
1273.4375
1234.375
1296.875
1234.375
1312.5
1265.625
1265.625
1226.5625
1281.25
1281.25
1242.1875
1289.0625
1218.75
1281.25
1234.375
1257.8125
1281.25
1210.9375
1226.5625
1156.25
1125.0
1117.1875
1109.375
1125.0
1140.625
1101.5625
1132.8125
1132.8125
1109.375
1156.25
1164.0625
1164.0625
1234.375
1265.625
1312.5
1343.75
1304.6875
1296.875
1273.4375
1281.25
1304.6875
1281.25
1328.125
1312.5
1335.9375
1320.3125
1273.4375
1343.75
1328.125
1328.125
1328.125
1296.875
1328.125
1281.25
1304.6875
1320.3125
1265.625
1328.125
1296.875
1304.6875
1296.875
1320.3125
1359.375
1304.6875
1320.3125
1281.25
1289.0625
1328.125
1265.625
1304.6875
1289.0625
1320.3125
1367.1875
1320.3125
1367.1875
1328.125
1382.8125
1398.4375
1367.1875
1390.625
1398.4375
1351.5625
1390.625
1375.0
1382.8125
1375.0
1312.5
1304.6875
1296.875
1281.25
1226.5625
1179.6875
1156.25
1187.5
1218.75
1234.375
1281.25
1304.6875
1273.4375
1312.5
1257.8125
1257.8125
1273.4375
1234.375
1234.375
1171.875
1156.25
1140.625
1132.8125
1109.375
1125.0
1093.75
1085.9375
1078.125
1062.5
1039.0625
1054.6875
1085.9375
1093.75
1140.625
1164.0625
1226.5625
1289.0625
1257.8125
1304.6875
1273.4375
1281.25
1281.25
1234.375
1296.875
1273.4375
1265.625
1281.25
1265.625
1312.5
1218.75
1406.25
1296.875
1257.8125
1312.5
1312.5
1421.875
1398.4375
1398.4375
1421.875
1335.9375
1367.1875
1375.0
1367.1875
1343.75
1335.9375
1335.9375
1335.9375
1414.0625
1382.8125
1429.6875
1390.625
1406.25
1335.9375
1335.9375
1367.1875
1335.9375
1421.875
1375.0
1343.75
1359.375
1328.125
1359.375
1328.125
1312.5
1320.3125
1304.6875
1343.75
1359.375
1398.4375
1421.875
1382.8125
1367.1875
1257.8125
1242.1875
1171.875
1140.625
1117.1875
1171.875
1242.1875
1273.4375
1359.375
1359.375
1351.5625
1390.625
1382.8125
1382.8125
1351.5625
1289.0625
1367.1875
1343.75
1382.8125
1351.5625
1359.375
1367.1875
1343.75
1390.625
1406.25
1437.5
1507.8125
1406.25
1375.0
1328.125
1382.8125
1367.1875
1359.375
1367.1875
1359.375
1390.625
1375.0
1359.375
1335.9375
1320.3125
1320.3125
1210.9375
1218.75
1226.5625
1210.9375
1265.625
1234.375
1250.0
1265.625
1234.375
1265.625
1234.375
1203.125
1234.375
1195.3125
1226.5625
1226.5625
1234.375
1289.0625
1304.6875
1351.5625
1375.0
1359.375
1367.1875
1390.625
1367.1875
1343.75
1367.1875
1359.375
1359.375
1367.1875
1343.75
1367.1875
1382.8125
1351.5625
1343.75
1367.1875
1351.5625
1367.1875
1382.8125
1328.125
1351.5625
1343.75
1281.25
1312.5
1289.0625
1257.8125
1257.8125
1187.5
1187.5
1187.5
1156.25
1210.9375
1265.625
1250.0
1335.9375
1281.25
1328.125
1265.625
1281.25
1296.875
1234.375
1281.25
1265.625
1328.125
1359.375
1367.1875
1398.4375
1335.9375
1359.375
1382.8125
1351.5625
1343.75
1351.5625
1312.5
1335.9375
1335.9375
1320.3125
1367.1875
1398.4375
1390.625
1390.625
1382.8125
1320.3125
1351.5625
1343.75
1312.5
1367.1875
1367.1875
1375.0
1414.0625
1382.8125
1390.625
1335.9375
1367.1875
1382.8125
1343.75
1375.0
1375.0
1320.3125
1375.0
1351.5625
1320.3125
1406.25
1375.0
1359.375
1375.0
1351.5625
1382.8125
1359.375
1335.9375
1375.0
1375.0
1343.75
1398.4375
1375.0
1390.625
1382.8125
1320.3125
1335.9375
1351.5625
1304.6875
1359.375
1359.375
1382.8125
1398.4375
1335.9375
1320.3125
1335.9375
1296.875
1328.125
1351.5625
1359.375
1406.25
1406.25
1375.0
1437.5
1375.0
1367.1875
1320.3125
1265.625
1289.0625
1281.25
1281.25
1328.125
1359.375
1304.6875
1359.375
1390.625
1382.8125
1429.6875
1406.25
1445.3125
1406.25
1335.9375
1312.5
1320.3125
1304.6875
1375.0
1406.25
1406.25
1421.875
1390.625
1398.4375
1382.8125
1343.75
1390.625
1429.6875
1335.9375
1320.3125
1343.75
1312.5
1406.25
1398.4375
1398.4375
1406.25
1437.5
1414.0625
1390.625
1328.125
1367.1875
1382.8125
1351.5625
1453.125
1437.5
1320.3125
1304.6875
1250.0
1195.3125
1296.875
1398.4375
1546.875
1531.25
1539.0625
1539.0625
1460.9375
1437.5
1421.875
1359.375
1359.375
1359.375
1328.125
1367.1875
1406.25
1382.8125
1429.6875
1437.5
1437.5
1445.3125
1437.5
1476.5625
1445.3125
1335.9375
1320.3125
1320.3125
1320.3125
1421.875
1484.375
1492.1875
1421.875
1414.0625
1429.6875
1390.625
1382.8125
1359.375
1351.5625
1312.5
1242.1875
1242.1875
1203.125
1304.6875
1351.5625
1554.6875
1546.875
1500.0
1445.3125
1335.9375
1343.75
1296.875
1226.5625
1226.5625
1195.3125
1164.0625
1265.625
1398.4375
1382.8125
1500.0
1484.375
1445.3125
1460.9375
1429.6875
1429.6875
1390.625
1328.125
1289.0625
1343.75
1367.1875
1000.0
1812.5
1335.9375
1335.9375
1382.8125
1367.1875
1406.25
1437.5
1414.0625
1453.125
1445.3125
1421.875
1398.4375
1406.25
1367.1875
1335.9375
1375.0
1398.4375
1445.3125
1445.3125
1414.0625
1414.0625
1375.0
1367.1875
1382.8125
1359.375
1367.1875
1390.625
1359.375
1398.4375
1390.625
1382.8125
1375.0
1382.8125
1390.625
1390.625
1351.5625
1390.625
1375.0
1390.625
1375.0
1304.6875
1328.125
1304.6875
1250.0
1273.4375
1289.0625
1289.0625
1359.375
1382.8125
1421.875
1453.125
1398.4375
1398.4375
1398.4375
1312.5
1320.3125
1335.9375
1289.0625
1335.9375
1320.3125
1328.125
1335.9375
1289.0625
1273.4375
1320.3125
1312.5
1335.9375
1398.4375
1351.5625
1445.3125
1414.0625
1406.25
1437.5
1429.6875
1367.1875
1328.125
1273.4375
1296.875
1281.25
1226.5625
1250.0
1203.125
1281.25
1289.0625
1335.9375
1328.125
1218.75
1265.625
1242.1875
1414.0625
1570.3125
1484.375
1562.5
1476.5625
1500.0
1460.9375
1390.625
1390.625
1359.375
1359.375
1437.5
1453.125
1414.0625
1445.3125
1414.0625
1390.625
1398.4375
1320.3125
1335.9375
1367.1875
1343.75
1406.25
1523.4375
1414.0625
1437.5
1343.75
1429.6875
1546.875
1414.0625
1429.6875
1445.3125
1398.4375
1429.6875
1351.5625
1429.6875
1367.1875
1203.125
1250.0
1398.4375
1531.25
1664.0625
1562.5
1625.0
1718.75
1617.1875
1507.8125
1406.25
1421.875
1312.5
1187.5
1273.4375
1281.25
1226.5625
1304.6875
1320.3125
1335.9375
1398.4375
1359.375
1382.8125
1421.875
1382.8125
1476.5625
1453.125
1375.0
1460.9375
1468.75
1437.5
1484.375
1406.25
1468.75
1421.875
1414.0625
1492.1875
1460.9375
1523.4375
1476.5625
1296.875
1234.375
1156.25
1226.5625
1203.125
1312.5
1367.1875
1484.375
1570.3125
1562.5
1484.375
1359.375
1398.4375
1351.5625
1320.3125
1390.625
1375.0
1375.0
1414.0625
1382.8125
1398.4375
1429.6875
1390.625
1468.75
1484.375
1382.8125
1476.5625
1429.6875
1445.3125
1460.9375
1398.4375
1453.125
1398.4375
1351.5625
1421.875
1445.3125
1398.4375
1359.375
1335.9375
1359.375
1453.125
1390.625
1468.75
1539.0625
1429.6875
1453.125
1414.0625
1414.0625
1484.375
1429.6875
1460.9375
1453.125
1359.375
1476.5625
1523.4375
1398.4375
1445.3125
1421.875
1460.9375
1500.0
1468.75
1476.5625
1414.0625
1398.4375
1406.25
1406.25
1437.5
1460.9375
1398.4375
1460.9375
1484.375
1429.6875
1468.75
1445.3125
1390.625
1421.875
1398.4375
1390.625
1382.8125
1367.1875
1328.125
1367.1875
1328.125
1304.6875
1320.3125
1054.6875
1593.75
1414.0625
1343.75
1367.1875
1351.5625
1359.375
1367.1875
1359.375
1375.0
1359.375
1335.9375
1375.0
1375.0
1351.5625
1359.375
1296.875
1312.5
1335.9375
1304.6875
1406.25
1406.25
1390.625
1445.3125
1421.875
1414.0625
1390.625
1390.625
1437.5
1445.3125
1390.625
1437.5
1445.3125
1414.0625
1445.3125
1406.25
1421.875
1421.875
1429.6875
1390.625
1398.4375
1367.1875
1429.6875
1437.5
1390.625
1437.5
1414.0625
1406.25
1390.625
1359.375
1406.25
1351.5625
1296.875
1312.5
1289.0625
1312.5
1367.1875
1367.1875
1367.1875
1375.0
1335.9375
1320.3125
1296.875
1257.8125
1296.875
1296.875
1250.0
1296.875
1312.5
1273.4375
1343.75
1351.5625
1328.125
1375.0
1375.0
1312.5
1375.0
1382.8125
1343.75
1312.5
1234.375
1257.8125
1250.0
1226.5625
1281.25
1226.5625
1234.375
1335.9375
1335.9375
1367.1875
1375.0
1312.5
1343.75
1343.75
1289.0625
1320.3125
1296.875
1296.875
1335.9375
1320.3125
1343.75
1359.375
1367.1875
1382.8125
1406.25
1367.1875
1414.0625
1445.3125
1421.875
1531.25
1492.1875
1507.8125
1507.8125
1460.9375
1476.5625
1476.5625
1406.25
1460.9375
1414.0625
1406.25
1406.25
1375.0
1406.25
1406.25
1382.8125
1421.875
1375.0
1421.875
1414.0625
1406.25
1406.25
1390.625
1429.6875
1414.0625
1367.1875
1406.25
1390.625
1406.25
1406.25
1367.1875
1390.625
1375.0
1312.5
1320.3125
1343.75
1312.5
1367.1875
1367.1875
1359.375
1359.375
1343.75
1351.5625
1367.1875
1312.5
1328.125
1343.75
1304.6875
1281.25
1257.8125
1234.375
1281.25
1273.4375
1273.4375
1304.6875
1281.25
1343.75
1367.1875
1351.5625
1359.375
1296.875
1328.125
1335.9375
1281.25
1335.9375
1351.5625
1304.6875
1343.75
1320.3125
1296.875
1320.3125
1281.25
1265.625
1226.5625
1195.3125
1210.9375
1156.25
1218.75
1234.375
1265.625
1375.0
1390.625
1390.625
1414.0625
1375.0
1382.8125
1367.1875
1320.3125
1375.0
1375.0
1234.375
1218.75
1179.6875
1164.0625
1140.625
1101.5625
1101.5625
1078.125
1039.0625
1031.25
1054.6875
1085.9375
1085.9375
1132.8125
1187.5
1171.875
1187.5
1156.25
1140.625
1148.4375
1171.875
1210.9375
1359.375
1468.75
1421.875
1492.1875
1523.4375
1484.375
1484.375
1429.6875
1421.875
1437.5
1437.5
1445.3125
1460.9375
1421.875
1359.375
1398.4375
1398.4375
1359.375
1398.4375
1367.1875
1335.9375
1351.5625
1320.3125
1343.75
1382.8125
1304.6875
1359.375
1367.1875
1312.5
1335.9375
1335.9375
1304.6875
1351.5625
1335.9375
1359.375
1375.0
1328.125
1320.3125
1312.5
1265.625
1312.5
1289.0625
1250.0
1242.1875
1273.4375
1218.75
1250.0
1296.875
1265.625
1343.75
1320.3125
1281.25
1304.6875
1312.5
1281.25
1289.0625
1304.6875
1281.25
1328.125
1343.75
1343.75
1367.1875
1289.0625
1273.4375
1273.4375
1226.5625
1296.875
1343.75
1304.6875
1359.375
1406.25
1335.9375
1335.9375
1320.3125
1304.6875
1304.6875
1242.1875
1250.0
1242.1875
1242.1875
1289.0625
1312.5
1281.25
1335.9375
1367.1875
1320.3125
1359.375
1375.0
1289.0625
1343.75
1335.9375
1312.5
789.0625
507.8125
1367.1875
1234.375
1296.875
1351.5625
1343.75
1414.0625
1390.625
1367.1875
1359.375
1273.4375
1265.625
1281.25
1234.375
1257.8125
1328.125
1328.125
1445.3125
1476.5625
1429.6875
1429.6875
1382.8125
1375.0
1390.625
1328.125
1296.875
1304.6875
1296.875
1296.875
1304.6875
1304.6875
1296.875
1343.75
1328.125
1351.5625
1390.625
1343.75
1359.375
1382.8125
1343.75
1359.375
1343.75
1335.9375
1375.0
1390.625
1320.3125
1359.375
1343.75
1312.5
1351.5625
1335.9375
1328.125
1359.375
1335.9375
1382.8125
1398.4375
1359.375
1343.75
1359.375
1289.0625
1304.6875
1281.25
1257.8125
1328.125
1328.125
1328.125
1328.125
1281.25
1281.25
1281.25
1203.125
1265.625
1312.5
1296.875
1351.5625
1328.125
1304.6875
1335.9375
1289.0625
1296.875
1289.0625
1265.625
1265.625
1210.9375
1156.25
1257.8125
1320.3125
1320.3125
1343.75
1343.75
1390.625
1414.0625
1343.75
1367.1875
1351.5625
1343.75
1375.0
1343.75
1375.0
1398.4375
1343.75
1359.375
1367.1875
1250.0
1250.0
1273.4375
1218.75
1273.4375
1320.3125
1398.4375
1460.9375
1406.25
1492.1875
1429.6875
1375.0
1398.4375
1375.0
1359.375
1382.8125
1335.9375
1359.375
1382.8125
1351.5625
1414.0625
1437.5
1390.625
1437.5
1421.875
1382.8125
1398.4375
1359.375
1343.75
1367.1875
1367.1875
1398.4375
1460.9375
1390.625
1437.5
1406.25
1398.4375
1406.25
1320.3125
1382.8125
1351.5625
1281.25
1335.9375
1351.5625
1367.1875
1343.75
1289.0625
1320.3125
1312.5
1265.625
1359.375
1429.6875
1429.6875
1484.375
1437.5
1484.375
1460.9375
1382.8125
1382.8125
1367.1875
1375.0
1406.25
1390.625
1429.6875
1453.125
1398.4375
1390.625
1398.4375
1320.3125
1351.5625
1398.4375
1390.625
1421.875
1421.875
1429.6875
1468.75
1421.875
1437.5
1429.6875
1343.75
1375.0
1335.9375
1382.8125
1421.875
1390.625
1398.4375
1390.625
1343.75
1429.6875
1429.6875
1406.25
1429.6875
1375.0
1398.4375
1429.6875
1382.8125
1414.0625
1382.8125
1375.0
1429.6875
1414.0625
1421.875
1445.3125
1398.4375
1476.5625
1468.75
1398.4375
1398.4375
1375.0
1320.3125
1375.0
1343.75
1375.0
1382.8125
1335.9375
1398.4375
1398.4375
1406.25
1453.125
1421.875
1460.9375
1390.625
1367.1875
1445.3125
1429.6875
1375.0
1406.25
1390.625
1421.875
1468.75
1414.0625
1460.9375
1437.5
1445.3125
1460.9375
1414.0625
1367.1875
1328.125
1320.3125
1359.375
1328.125
1359.375
1406.25
1328.125
1375.0
1398.4375
1398.4375
1367.1875
1359.375
1335.9375
1390.625
1414.0625
1460.9375
1460.9375
1406.25
1421.875
1406.25
1343.75
1367.1875
1367.1875
1320.3125
1382.8125
1390.625
1390.625
1445.3125
1414.0625
1421.875
1414.0625
1351.5625
1445.3125
1406.25
1414.0625
1460.9375
1390.625
1421.875
1437.5
1390.625
1421.875
1421.875
1375.0
1429.6875
1367.1875
1398.4375
1367.1875
1343.75
1367.1875
1328.125
1390.625
1414.0625
1375.0
1484.375
1453.125
1476.5625
1492.1875
1406.25
1414.0625
1460.9375
1414.0625
1468.75
1453.125
1437.5
1429.6875
1398.4375
1429.6875
1453.125
1398.4375
1468.75
1484.375
1437.5
1460.9375
1437.5
1398.4375
1414.0625
1359.375
1359.375
1375.0
1328.125
1390.625
1429.6875
1468.75
1468.75
1382.8125
1375.0
1367.1875
1390.625
1445.3125
1414.0625
1414.0625
1398.4375
1343.75
1398.4375
1390.625
1343.75
1421.875
1390.625
1367.1875
1429.6875
1367.1875
1390.625
1429.6875
1382.8125
1421.875
1335.9375
1296.875
1304.6875
1210.9375
1281.25
1320.3125
1429.6875
1445.3125
1398.4375
1414.0625
1406.25
1453.125
1445.3125
1335.9375
1312.5
1289.0625
1304.6875
1445.3125
1382.8125
1476.5625
1515.625
1500.0
1554.6875
1484.375
1468.75
1445.3125
1382.8125
1437.5
1406.25
1445.3125
1515.625
1476.5625
1500.0
1429.6875
1257.8125
1296.875
1273.4375
1273.4375
1367.1875
1351.5625
1390.625
1437.5
1343.75
1367.1875
1406.25
1343.75
1328.125
1289.0625
1265.625
1351.5625
1343.75
1320.3125
1437.5
1468.75
734.375
1984.375
1718.75
1562.5
1437.5
1304.6875
1320.3125
1289.0625
1312.5
1343.75
1304.6875
1406.25
1445.3125
1390.625
1492.1875
1414.0625
1406.25
1367.1875
1320.3125
1359.375
1375.0
1281.25
1343.75
1382.8125
1296.875
1343.75
1359.375
1320.3125
1375.0
1328.125
1375.0
1382.8125
1328.125
1382.8125
1343.75
1312.5
1359.375
1320.3125
1320.3125
1351.5625
1304.6875
1343.75
1351.5625
1281.25
1312.5
1304.6875
1234.375
1312.5
1351.5625
1351.5625
1375.0
1335.9375
1335.9375
1390.625
1335.9375
1421.875
1414.0625
1328.125
1382.8125
1390.625
1312.5
1367.1875
1335.9375
1328.125
1390.625
1343.75
1335.9375
1398.4375
1351.5625
1375.0
1390.625
1312.5
1367.1875
1390.625
1296.875
1351.5625
1390.625
1335.9375
1406.25
1343.75
1281.25
1312.5
1335.9375
1265.625
1343.75
1320.3125
1367.1875
1453.125
1328.125
1367.1875
1289.0625
1304.6875
1351.5625
1281.25
1382.8125
1421.875
1359.375
1484.375
1421.875
1390.625
1390.625
1328.125
1406.25
1453.125
1375.0
1421.875
1390.625
1312.5
1359.375
1312.5
1281.25
1343.75
1351.5625
1312.5
1351.5625
1343.75
1320.3125
1367.1875
1296.875
1375.0
1390.625
1312.5
1382.8125
1382.8125
1304.6875
1351.5625
1375.0
1320.3125
1406.25
1414.0625
1375.0
1429.6875
1375.0
1335.9375
1367.1875
1312.5
1328.125
1343.75
1289.0625
1343.75
1367.1875
1304.6875
1351.5625
1320.3125
1351.5625
1382.8125
1304.6875
1375.0
1382.8125
1281.25
1335.9375
1335.9375
1289.0625
1375.0
1351.5625
1289.0625
1359.375
1375.0
1296.875
1343.75
1328.125
1289.0625
1328.125
1312.5
1289.0625
1281.25
1250.0
1304.6875
1343.75
1281.25
1343.75
1320.3125
1250.0
1296.875
1281.25
1265.625
1320.3125
1320.3125
1265.625
1343.75
1273.4375
1351.5625
1429.6875
1296.875
1351.5625
1335.9375
1335.9375
1414.0625
1296.875
1359.375
1375.0
1328.125
1382.8125
1367.1875
1281.25
1265.625
1296.875
1320.3125
1289.0625
1406.25
1359.375
1445.3125
1468.75
1390.625
1476.5625
1437.5
1414.0625
1406.25
1359.375
1421.875
1414.0625
1398.4375
1421.875
1367.1875
1414.0625
1406.25
1367.1875
1382.8125
1367.1875
1390.625
1476.5625
1414.0625
1351.5625
1296.875
1273.4375
1304.6875
1273.4375
1367.1875
1570.3125
1523.4375
1523.4375
1390.625
1367.1875
1367.1875
1281.25
1359.375
1312.5
1273.4375
1289.0625
1273.4375
1398.4375
1390.625
1320.3125
1375.0
1343.75
1359.375
1367.1875
1328.125
1359.375
1359.375
1312.5
1367.1875
1382.8125
1320.3125
1367.1875
1328.125
1289.0625
1328.125
1296.875
1351.5625
1421.875
1320.3125
1375.0
1390.625
1343.75
1429.6875
1398.4375
1343.75
1398.4375
1335.9375
1343.75
1312.5
1312.5
1375.0
1367.1875
1414.0625
1507.8125
1414.0625
1460.9375
1414.0625
1343.75
1437.5
1382.8125
1343.75
1460.9375
1445.3125
1437.5
1437.5
1367.1875
1359.375
1343.75
1281.25
1359.375
1367.1875
1359.375
1429.6875
1382.8125
1414.0625
1414.0625
1335.9375
1304.6875
1312.5
1242.1875
1296.875
1335.9375
1273.4375
1351.5625
1335.9375
1320.3125
1406.25
1335.9375
1375.0
1359.375
1296.875
1296.875
1398.4375
1367.1875
1320.3125
1382.8125
1359.375
1335.9375
1390.625
1328.125
1359.375
1382.8125
1312.5
1382.8125
1343.75
1304.6875
1343.75
1343.75
1335.9375
1367.1875
1289.0625
1335.9375
1328.125
1273.4375
1296.875
1359.375
1273.4375
1328.125
1304.6875
1226.5625
1257.8125
1234.375
1257.8125
1382.8125
1304.6875
1343.75
1335.9375
1281.25
1343.75
1367.1875
1320.3125
1382.8125
1367.1875
1281.25
1312.5
1265.625
1328.125
1359.375
1351.5625
1406.25
1406.25
1296.875
1320.3125
1320.3125
1265.625
1296.875
1289.0625
1242.1875
1304.6875
1312.5
1289.0625
1375.0
1367.1875
1335.9375
1359.375
1335.9375
1296.875
1351.5625
1335.9375
1273.4375
1312.5
1273.4375
1304.6875
1335.9375
1296.875
1359.375
1367.1875
1304.6875
1320.3125
1328.125
1312.5
1390.625
1375.0
1367.1875
1406.25
1359.375
1390.625
1390.625
1351.5625
1351.5625
1375.0
1304.6875
1359.375
1367.1875
1296.875
1398.4375
1421.875
1375.0
1460.9375
1429.6875
1382.8125
1414.0625
1359.375
1398.4375
1406.25
1335.9375
1382.8125
1406.25
1328.125
1429.6875
1414.0625
1343.75
1445.3125
1406.25
1375.0
1421.875
1460.9375
1500.0
1546.875
1539.0625
1570.3125
1507.8125
1390.625
1421.875
1406.25
1343.75
1390.625
1375.0
1335.9375
1390.625
1382.8125
1406.25
1453.125
1390.625
1398.4375
1382.8125
1343.75
1421.875
1335.9375
1312.5
1343.75
1304.6875
1257.8125
1257.8125
1187.5
1203.125
1140.625
1140.625
1140.625
1109.375
1195.3125
1210.9375
1257.8125
1335.9375
1320.3125
1382.8125
1375.0
1281.25
1320.3125
1281.25
1226.5625
1257.8125
1242.1875
1210.9375
1265.625
1273.4375
1312.5
1359.375
1304.6875
1343.75
1375.0
1312.5
1343.75
1335.9375
1343.75
1382.8125
1359.375
1382.8125
1375.0
1312.5
1367.1875
1390.625
1320.3125
1375.0
1351.5625
1289.0625
1351.5625
1320.3125
1289.0625
1367.1875
1367.1875
1335.9375
1335.9375
1320.3125
1343.75
1390.625
1296.875
1343.75
1351.5625
1265.625
1343.75
1328.125
1273.4375
1382.8125
1390.625
1343.75
1421.875
1367.1875
1351.5625
1492.1875
1414.0625
1421.875
1429.6875
1312.5
1367.1875
1398.4375
1281.25
1320.3125
1304.6875
1328.125
1375.0
1304.6875
1304.6875
1328.125
1312.5
1382.8125
1328.125
1289.0625
1312.5
1250.0
1289.0625
1312.5
1281.25
1343.75
1375.0
1343.75
1421.875
1390.625
1335.9375
1375.0
1351.5625
1343.75
1367.1875
1312.5
1359.375
1375.0
1335.9375
1359.375
1343.75
1312.5
1398.4375
1343.75
1328.125
1320.3125
1257.8125
1242.1875
1289.0625
1234.375
1289.0625
1343.75
1257.8125
1335.9375
1335.9375
1281.25
1359.375
1343.75
1367.1875
1375.0
1335.9375
1367.1875
1390.625
1367.1875
1351.5625
1468.75
1398.4375
1414.0625
1406.25
1304.6875
1398.4375
1367.1875
1265.625
1320.3125
1343.75
1304.6875
1367.1875
1351.5625
1351.5625
1312.5
1257.8125
1335.9375
1375.0
1359.375
1460.9375
1406.25
1367.1875
1414.0625
1367.1875
1367.1875
1437.5
1382.8125
1476.5625
1515.625
1414.0625
1515.625
1414.0625
1398.4375
1398.4375
1312.5
1382.8125
1406.25
1312.5
1367.1875
1351.5625
1328.125
1367.1875
1328.125
1375.0
1382.8125
1296.875
1304.6875
1343.75
1281.25
1328.125
1304.6875
1328.125
1343.75
1289.0625
1335.9375
1343.75
1281.25
1335.9375
1359.375
1289.0625
1304.6875
1242.1875
1164.0625
1156.25
1187.5
1140.625
1148.4375
1179.6875
1148.4375
1132.8125
1132.8125
1039.0625
1023.4375
976.5625
937.5
945.3125
945.3125
968.75
976.5625
953.125
945.3125
929.6875
921.875
882.8125
890.625
921.875
921.875
953.125
1015.625
1031.25
1070.3125
1070.3125
1101.5625
1062.5
1070.3125
1054.6875
1023.4375
1062.5
1031.25
984.375
1031.25
1046.875
1054.6875
1046.875
1148.4375
1226.5625
1226.5625
1296.875
1296.875
1203.125
1250.0
1304.6875
1296.875
1132.8125
1078.125
1000.0
968.75
929.6875
867.1875
859.375
820.3125
773.4375
773.4375
781.25
828.125
882.8125
945.3125
1328.125
1343.75
1312.5
1296.875
1265.625
1054.6875
1226.5625
1085.9375
1085.9375
1101.5625
1132.8125
1179.6875
1156.25
1117.1875
1117.1875
1125.0
1187.5
1187.5
1140.625
1085.9375
1140.625
1257.8125
1210.9375
1164.0625
1226.5625
1273.4375
1343.75
1343.75
1367.1875
1437.5
1359.375
1296.875
1312.5
1343.75
1343.75
1375.0
1367.1875
1250.0
1187.5
1171.875
1101.5625
1062.5
1093.75
1179.6875
1195.3125
1117.1875
1101.5625
1054.6875
1046.875
1031.25
718.75
1117.1875
1007.8125
1054.6875
1093.75
1164.0625
1335.9375
1406.25
1343.75
1398.4375
1429.6875
1335.9375
1476.5625
1460.9375
1414.0625
1476.5625
1492.1875
1460.9375
1484.375
1500.0
1460.9375
1414.0625
1281.25
1328.125
1265.625
1265.625
765.625
1343.75
1375.0
1437.5
1476.5625
1445.3125
1375.0
1421.875
1437.5
1414.0625
1406.25
1414.0625
1507.8125
1484.375
1390.625
1351.5625
1289.0625
1210.9375
1203.125
1171.875
1085.9375
1031.25
992.1875
937.5
898.4375
882.8125
843.75
835.9375
843.75
835.9375
875.0
1023.4375
1156.25
1218.75
1164.0625
1187.5
1171.875
1140.625
1156.25
1156.25
1125.0
1132.8125
1187.5
1148.4375
1218.75
1265.625
1218.75
1242.1875
1281.25
804.6875
1539.0625
1421.875
1421.875
1445.3125
1343.75
1437.5
1445.3125
1437.5
1562.5
1492.1875
1492.1875
1296.875
1062.5
1703.125
1453.125
1484.375
1460.9375
1515.625
1453.125
1406.25
1375.0
1437.5
1257.8125
1460.9375
1375.0
1273.4375
1445.3125
1453.125
1328.125
1515.625
1515.625
1492.1875
1539.0625
1468.75
1500.0
1460.9375
1640.625
1570.3125
1507.8125
1398.4375
1570.3125
1343.75
1257.8125
1460.9375
1421.875
1539.0625
1468.75
1468.75
1390.625
1125.0
1421.875
1304.6875
1406.25
1414.0625
1367.1875
1468.75
1398.4375
1406.25
1304.6875
1375.0
1281.25
1390.625
1335.9375
1382.8125
1359.375
1304.6875
1351.5625
1289.0625
1343.75
1320.3125
1343.75
1359.375
1296.875
1421.875
1500.0
1492.1875
1453.125
1437.5
1515.625
1468.75
1539.0625
1414.0625
1367.1875
1359.375
1492.1875
1273.4375
1406.25
1414.0625
1546.875
1695.3125
1578.125
1609.375
1531.25
1523.4375
1492.1875
1375.0
1390.625
1406.25
1296.875
1304.6875
1304.6875
1390.625
1328.125
1375.0
1398.4375
1343.75
1382.8125
1328.125
1382.8125
1335.9375
1406.25
1421.875
1398.4375
1539.0625
1492.1875
1429.6875
1289.0625
1484.375
1406.25
1445.3125
1382.8125
1484.375
1468.75
1539.0625
1546.875
1265.625
1476.5625
1484.375
1429.6875
1484.375
1460.9375
1398.4375
1445.3125
1406.25
890.625
1898.4375
1726.5625
1515.625
1453.125
1445.3125
1476.5625
1390.625
1500.0
1500.0
1429.6875
1460.9375
1453.125
1453.125
1421.875
1382.8125
1398.4375
1328.125
1359.375
1351.5625
1312.5
1367.1875
1343.75
1406.25
1406.25
1343.75
1414.0625
1367.1875
1390.625
1382.8125
1367.1875
1390.625
1414.0625
1328.125
1320.3125
1351.5625
1335.9375
1265.625
1281.25
1226.5625
1210.9375
1296.875
1335.9375
1265.625
1375.0
1429.6875
1351.5625
1437.5
1437.5
1367.1875
1414.0625
1429.6875
1460.9375
1484.375
1265.625
1531.25
1726.5625
1648.4375
1695.3125
1687.5
1656.25
1648.4375
1601.5625
1523.4375
1609.375
1468.75
1484.375
1460.9375
1460.9375
1390.625
1437.5
875.0
1570.3125
1445.3125
1312.5
1312.5
1304.6875
1382.8125
1460.9375
1515.625
1507.8125
1398.4375
1437.5
1390.625
1437.5
1421.875
1359.375
1492.1875
1414.0625
1390.625
1414.0625
1382.8125
1429.6875
1460.9375
1437.5
1429.6875
1453.125
1406.25
1460.9375
1437.5
1382.8125
1406.25
1398.4375
1414.0625
1429.6875
1382.8125
1437.5
1453.125
1421.875
1445.3125
1398.4375
1476.5625
1445.3125
1398.4375
1429.6875
1414.0625
1484.375
1484.375
1187.5
1609.375
1625.0
1476.5625
1453.125
1429.6875
1421.875
1367.1875
1367.1875
1359.375
1398.4375
1437.5
1492.1875
1226.5625
1468.75
1445.3125
1273.4375
1343.75
1406.25
1351.5625
1421.875
1406.25
1390.625
1437.5
1414.0625
1414.0625
1414.0625
1250.0
1375.0
1421.875
1406.25
1460.9375
1476.5625
1437.5
1468.75
1460.9375
1476.5625
1500.0
1437.5
1492.1875
1476.5625
1421.875
1468.75
1453.125
1476.5625
1523.4375
1460.9375
765.625
1750.0
1601.5625
1617.1875
1570.3125
1546.875
1453.125
1296.875
1296.875
1226.5625
1218.75
1304.6875
1351.5625
1445.3125
1539.0625
1492.1875
1523.4375
1484.375
1406.25
1429.6875
1382.8125
1390.625
1453.125
1398.4375
906.25
1687.5
1468.75
1414.0625
1437.5
1406.25
1453.125
1367.1875
1382.8125
1406.25
1359.375
1414.0625
1406.25
1367.1875
1445.3125
1421.875
1414.0625
1453.125
1375.0
1437.5
1429.6875
1382.8125
1476.5625
1429.6875
1421.875
1500.0
1492.1875
1515.625
1546.875
1453.125
1539.0625
1476.5625
1476.5625
1492.1875
1421.875
1437.5
1476.5625
1460.9375
1570.3125
1578.125
1539.0625
1523.4375
1406.25
1476.5625
1515.625
1500.0
1539.0625
1546.875
1515.625
1507.8125
1398.4375
1484.375
1515.625
1492.1875
1531.25
1429.6875
1460.9375
1437.5
1390.625
1367.1875
1281.25
1296.875
1273.4375
1343.75
1265.625
1250.0
1234.375
1156.25
1203.125
1179.6875
1226.5625
1234.375
1171.875
1265.625
1312.5
1304.6875
1414.0625
1500.0
1562.5
1632.8125
1617.1875
1656.25
1515.625
1468.75
1476.5625
1437.5
1570.3125
1609.375
1804.6875
1718.75
1640.625
1632.8125
1570.3125
1601.5625
1492.1875
1609.375
1539.0625
1460.9375
1515.625
1460.9375
1468.75
1500.0
1437.5
1484.375
1476.5625
1390.625
1437.5
1421.875
1390.625
1054.6875
562.5
820.3125
1421.875
1562.5
1507.8125
1546.875
1687.5
1484.375
1382.8125
1273.4375
1265.625
1210.9375
1250.0
1421.875
1539.0625
1632.8125
1617.1875
1500.0
1562.5
1492.1875
1468.75
1437.5
1437.5
1500.0
1468.75
1468.75
1445.3125
585.9375
1781.25
1726.5625
1546.875
1562.5
1476.5625
1390.625
1398.4375
1414.0625
1476.5625
1507.8125
1445.3125
796.875
1757.8125
1554.6875
1585.9375
1554.6875
1578.125
1585.9375
1492.1875
1554.6875
1468.75
1453.125
1429.6875
1382.8125
1406.25
1429.6875
1445.3125
1515.625
1445.3125
1468.75
1500.0
1414.0625
1460.9375
1414.0625
1414.0625
1453.125
1390.625
1429.6875
1445.3125
1343.75
1398.4375
1367.1875
1312.5
1382.8125
1359.375
1398.4375
1429.6875
1351.5625
1437.5
1429.6875
1335.9375
1320.3125
1320.3125
1296.875
1406.25
1437.5
1437.5
1453.125
1414.0625
1476.5625
1468.75
1390.625
1445.3125
1468.75
1406.25
1460.9375
1492.1875
1421.875
1484.375
1460.9375
1335.9375
1367.1875
1335.9375
1257.8125
1328.125
1367.1875
1390.625
1664.0625
1554.6875
1570.3125
1531.25
1437.5
1453.125
1468.75
1414.0625
1453.125
1406.25
1414.0625
1437.5
1406.25
1476.5625
1531.25
1468.75
1476.5625
1492.1875
1429.6875
1507.8125
1398.4375
1281.25
1398.4375
1382.8125
1343.75
1453.125
1476.5625
1468.75
1500.0
1390.625
1453.125
1437.5
1335.9375
1406.25
1398.4375
1320.3125
1453.125
1460.9375
1445.3125
1468.75
1453.125
1382.8125
1382.8125
1335.9375
1343.75
1343.75
1320.3125
1351.5625
1359.375
1375.0
1382.8125
1421.875
1351.5625
1273.4375
1273.4375
1257.8125
1289.0625
1335.9375
1312.5
1343.75
1320.3125
1351.5625
1343.75
1242.1875
1257.8125
1234.375
1179.6875
1195.3125
1234.375
1140.625
1242.1875
1250.0
1218.75
1335.9375
1367.1875
1273.4375
1343.75
1375.0
1296.875
1367.1875
1398.4375
1328.125
1382.8125
1421.875
1328.125
1398.4375
1437.5
1351.5625
1367.1875
1375.0
1304.6875
1343.75
1351.5625
1289.0625
1289.0625
1265.625
1257.8125
1367.1875
1421.875
1359.375
1414.0625
1414.0625
1367.1875
1390.625
1296.875
1343.75
1265.625
1250.0
1304.6875
1343.75
1328.125
1437.5
1437.5
1328.125
1367.1875
1335.9375
1265.625
1304.6875
1320.3125
1335.9375
1335.9375
1343.75
1359.375
1351.5625
1382.8125
1359.375
1312.5
1320.3125
1250.0
1265.625
1257.8125
1187.5
1242.1875
1281.25
1226.5625
1289.0625
1257.8125
1210.9375
1250.0
1226.5625
1171.875
1242.1875
1257.8125
1226.5625
1296.875
1296.875
1281.25
1343.75
1289.0625
1234.375
1257.8125
1250.0
1218.75
1328.125
1304.6875
1257.8125
1382.8125
1359.375
1289.0625
1367.1875
1343.75
1289.0625
1367.1875
1406.25
1328.125
1382.8125
1359.375
1273.4375
1398.4375
1460.9375
1437.5
1585.9375
1453.125
1554.6875
1367.1875
1273.4375
1312.5
1351.5625
1312.5
1406.25
1406.25
1390.625
1429.6875
1453.125
1460.9375
1382.8125
1414.0625
1367.1875
1273.4375
1320.3125
1312.5
1234.375
1304.6875
1289.0625
1195.3125
1273.4375
1265.625
1171.875
1265.625
1257.8125
1187.5
1226.5625
1250.0
1195.3125
1273.4375
1289.0625
1250.0
1367.1875
1398.4375
1343.75
1406.25
1375.0
1304.6875
1328.125
1328.125
1335.9375
1414.0625
1398.4375
1398.4375
1429.6875
1335.9375
1367.1875
1351.5625
1257.8125
1328.125
1304.6875
1257.8125
1312.5
1265.625
1312.5
1296.875
1265.625
1320.3125
1320.3125
1304.6875
1343.75
1335.9375
1289.0625
1328.125
1296.875
1312.5
1375.0
1335.9375
1328.125
1351.5625
1312.5
1265.625
1296.875
1296.875
1218.75
1265.625
1312.5
1296.875
1390.625
1437.5
1382.8125
1421.875
1320.3125
1375.0
1351.5625
1312.5
1335.9375
1320.3125
1328.125
1328.125
1273.4375
1250.0
1250.0
1234.375
1203.125
1234.375
1226.5625
1148.4375
1226.5625
1218.75
1179.6875
1257.8125
1304.6875
1273.4375
1375.0
1359.375
1375.0
1320.3125
1273.4375
1281.25
1289.0625
1296.875
1304.6875
1320.3125
1375.0
1335.9375
1335.9375
1375.0
1320.3125
1328.125
1320.3125
1281.25
1312.5
1250.0
1265.625
1242.1875
1304.6875
1320.3125
1312.5
1375.0
1296.875
1289.0625
1210.9375
1148.4375
1156.25
1093.75
1125.0
1109.375
1156.25
1148.4375
1132.8125
1203.125
1195.3125
1148.4375
1210.9375
1140.625
1078.125
1125.0
1132.8125
1078.125
1179.6875
1195.3125
1164.0625
1304.6875
1328.125
1281.25
1351.5625
1203.125
1234.375
1250.0
1187.5
1257.8125
1304.6875
1257.8125
1335.9375
1375.0
1312.5
1359.375
1406.25
1281.25
1304.6875
1265.625
1210.9375
1234.375
1195.3125
1265.625
1250.0
1304.6875
1328.125
1273.4375
1296.875
1281.25
1218.75
1273.4375
1250.0
1203.125
1250.0
1242.1875
1195.3125
1273.4375
1234.375
1257.8125
1242.1875
1187.5
1242.1875
1257.8125
1250.0
1289.0625
1320.3125
1281.25
1320.3125
1296.875
1257.8125
1210.9375
1234.375
1265.625
1179.6875
1281.25
1304.6875
1234.375
1296.875
1328.125
1234.375
1281.25
1250.0
1203.125
1179.6875
1210.9375
1156.25
1148.4375
1125.0
1078.125
1093.75
1062.5
1125.0
1218.75
1195.3125
1250.0
1234.375
1328.125
1343.75
1242.1875
1296.875
1273.4375
1242.1875
1273.4375
1289.0625
1328.125
1421.875
1390.625
1492.1875
1531.25
1406.25
1453.125
1406.25
1390.625
1367.1875
1312.5
1359.375
1367.1875
1335.9375
1390.625
1406.25
1359.375
1429.6875
1359.375
1382.8125
1351.5625
1320.3125
1328.125
1281.25
1343.75
1351.5625
1289.0625
1390.625
1343.75
1312.5
1375.0
1289.0625
1312.5
1335.9375
1281.25
1328.125
1296.875
1351.5625
1281.25
1343.75
1320.3125
1382.8125
1421.875
1367.1875
1429.6875
1328.125
1343.75
1351.5625
1250.0
1289.0625
1281.25
1203.125
1273.4375
1273.4375
1234.375
1273.4375
1187.5
1187.5
1171.875
1179.6875
1195.3125
1328.125
1437.5
640.625
1375.0
1585.9375
1531.25
1460.9375
1335.9375
1320.3125
1265.625
1234.375
1250.0
1218.75
1171.875
1171.875
1218.75
1218.75
1328.125
1359.375
1304.6875
1320.3125
1203.125
1218.75
1234.375
1179.6875
1250.0
1351.5625
1312.5
1507.8125
1429.6875
1390.625
1328.125
1281.25
1265.625
1257.8125
1312.5
1250.0
1289.0625
1273.4375
1226.5625
1296.875
1304.6875
1296.875
1281.25
1296.875
1281.25
1304.6875
1257.8125
1273.4375
1273.4375
1234.375
1250.0
1226.5625
1179.6875
1226.5625
1179.6875
1203.125
1218.75
1164.0625
1195.3125
1218.75
1148.4375
1210.9375
1195.3125
1234.375
1273.4375
1250.0
1312.5
1328.125
1257.8125
1242.1875
1218.75
1148.4375
1171.875
1171.875
1156.25
1164.0625
1125.0
1085.9375
1093.75
1078.125
1101.5625
1140.625
1117.1875
1171.875
1148.4375
1140.625
1164.0625
1125.0
1117.1875
1117.1875
1109.375
1062.5
1062.5
1023.4375
1031.25
1054.6875
1015.625
1070.3125
1093.75
1085.9375
1132.8125
1140.625
1085.9375
1156.25
1125.0
1117.1875
1125.0
1117.1875
1093.75
1101.5625
1117.1875
1085.9375
1140.625
1109.375
1109.375
1101.5625
1070.3125
1101.5625
1101.5625
1117.1875
1140.625
1140.625
1187.5
1218.75
1156.25
1226.5625
1218.75
1125.0
1164.0625
1140.625
1101.5625
1125.0
1101.5625
1140.625
1140.625
1148.4375
1125.0
1164.0625
1125.0
1148.4375
1179.6875
1148.4375
1101.5625
1085.9375
1070.3125
1062.5
1070.3125
1062.5
1101.5625
1125.0
1125.0
1140.625
1164.0625
1148.4375
1171.875
1140.625
1156.25
1117.1875
1171.875
1093.75
1140.625
1148.4375
1109.375
1164.0625
1140.625
1179.6875
1179.6875
1148.4375
1164.0625
1132.8125
1117.1875
1148.4375
1125.0
1125.0
1125.0
1109.375
1156.25
1093.75
1132.8125
1101.5625
1046.875
1046.875
1039.0625
1023.4375
1101.5625
1070.3125
1109.375
1132.8125
1070.3125
1125.0
1132.8125
1070.3125
1140.625
1125.0
1054.6875
1101.5625
1078.125
1023.4375
1078.125
1109.375
1078.125
1226.5625
1289.0625
1320.3125
1304.6875
1367.1875
1296.875
1328.125
1289.0625
1296.875
1242.1875
1281.25
1304.6875
1257.8125
1257.8125
1351.5625
1226.5625
1335.9375
1296.875
1312.5
1335.9375
1281.25
1242.1875
1289.0625
1273.4375
1257.8125
1304.6875
1234.375
1226.5625
1296.875
1210.9375
1265.625
1289.0625
1234.375
1257.8125
1218.75
1234.375
1265.625
1226.5625
1257.8125
1257.8125
1187.5
1250.0
1265.625
1218.75
1281.25
1250.0
1257.8125
1281.25
1203.125
1234.375
1218.75
1210.9375
1242.1875
1234.375
1265.625
1242.1875
1273.4375
1304.6875
1210.9375
1250.0
1171.875
1148.4375
1187.5
1203.125
1101.5625
1140.625
1132.8125
1101.5625
1140.625
1140.625
1093.75
1140.625
1164.0625
1109.375
1187.5
1179.6875
1117.1875
1140.625
1171.875
1109.375
1187.5
1187.5
1171.875
1210.9375
1210.9375
1156.25
1203.125
1195.3125
1156.25
1210.9375
1179.6875
1164.0625
1210.9375
1203.125
1195.3125
1281.25
1273.4375
1250.0
1289.0625
1242.1875
1218.75
1210.9375
1179.6875
1195.3125
1179.6875
1203.125
1250.0
1218.75
1265.625
1265.625
1296.875
1335.9375
1281.25
1335.9375
1257.8125
1304.6875
1281.25
1265.625
1257.8125
1234.375
1250.0
1242.1875
1273.4375
1304.6875
1281.25
1328.125
1257.8125
1320.3125
1281.25
1289.0625
1265.625
1226.5625
1242.1875
1234.375
1250.0
1273.4375
1289.0625
1312.5
1234.375
1281.25
1218.75
1242.1875
1250.0
1156.25
1203.125
1218.75
1187.5
1234.375
1203.125
1242.1875
1187.5
1210.9375
1203.125
1171.875
1156.25
1101.5625
1132.8125
1117.1875
1109.375
1140.625
1148.4375
1117.1875
1164.0625
1117.1875
1203.125
1156.25
1164.0625
1117.1875
1117.1875
1101.5625
1070.3125
1117.1875
1171.875
1148.4375
1210.9375
1226.5625
1187.5
1226.5625
1234.375
1171.875
1187.5
1140.625
1164.0625
1148.4375
1164.0625
1210.9375
1156.25
1234.375
1210.9375
851.5625
1695.3125
1320.3125
1250.0
1171.875
1140.625
1203.125
1234.375
1257.8125
1335.9375
1296.875
1304.6875
1250.0
1101.5625
1093.75
1046.875
781.25
1109.375
953.125
921.875
929.6875
929.6875
914.0625
890.625
898.4375
875.0
843.75
835.9375
796.875
773.4375
765.625
765.625
789.0625
843.75
945.3125
1031.25
1234.375
1320.3125
1343.75
1507.8125
1500.0
1375.0
1429.6875
1421.875
1546.875
1609.375
1507.8125
1601.5625
1570.3125
1000.0
1781.25
1515.625
1585.9375
1445.3125
1625.0
1531.25
1750.0
1632.8125
1484.375
1585.9375
1507.8125
1523.4375
1531.25
1445.3125
1445.3125
1429.6875
1453.125
1507.8125
1429.6875
1429.6875
1421.875
1359.375
1382.8125
1382.8125
1351.5625
1328.125
1281.25
1265.625
1281.25
1242.1875
1085.9375
1632.8125
1312.5
1367.1875
1296.875
1367.1875
1335.9375
1273.4375
1351.5625
1375.0
1445.3125
1453.125
1367.1875
1414.0625
1421.875
1468.75
1085.9375
1617.1875
1515.625
1476.5625
1382.8125
1390.625
1289.0625
1250.0
1312.5
1414.0625
1460.9375
1531.25
1515.625
1468.75
1390.625
1312.5
1335.9375
1328.125
1257.8125
1296.875
1312.5
1296.875
1343.75
1367.1875
1273.4375
1289.0625
1265.625
1101.5625
1453.125
1320.3125
1265.625
1328.125
1296.875
1320.3125
1367.1875
1335.9375
1367.1875
1343.75
1273.4375
1265.625
1203.125
1210.9375
1187.5
1148.4375
1218.75
1210.9375
1226.5625
1343.75
1343.75
1328.125
1367.1875
1296.875
1320.3125
1281.25
1187.5
1218.75
1210.9375
1164.0625
1242.1875
1296.875
1296.875
1335.9375
1367.1875
1351.5625
1375.0
1351.5625
1281.25
1296.875
1304.6875
1296.875
1335.9375
1429.6875
1382.8125
1437.5
1414.0625
1390.625
1429.6875
1351.5625
1359.375
1437.5
1320.3125
1351.5625
1335.9375
1273.4375
1367.1875
1367.1875
1296.875
1343.75
1343.75
1250.0
1304.6875
1289.0625
1242.1875
1296.875
1320.3125
1289.0625
1359.375
1335.9375
1289.0625
1335.9375
1296.875
1210.9375
1257.8125
1304.6875
1234.375
1296.875
1312.5
1296.875
1367.1875
1398.4375
1320.3125
921.875
1648.4375
1429.6875
1429.6875
1296.875
1242.1875
1296.875
1343.75
1320.3125
1351.5625
1375.0
1343.75
1398.4375
1390.625
1296.875
1343.75
1289.0625
1226.5625
1312.5
1328.125
1328.125
1421.875
1351.5625
1367.1875
1351.5625
1250.0
1273.4375
1265.625
1210.9375
1265.625
1289.0625
1242.1875
1289.0625
1312.5
1257.8125
1312.5
1320.3125
1273.4375
1296.875
1304.6875
1265.625
1289.0625
1289.0625
1242.1875
1273.4375
1296.875
1289.0625
1343.75
1367.1875
1351.5625
1390.625
1320.3125
1406.25
1382.8125
1312.5
1398.4375
1390.625
1453.125
1437.5
1335.9375
1382.8125
1429.6875
1335.9375
1382.8125
1398.4375
1335.9375
1289.0625
1320.3125
1328.125
1234.375
1218.75
1179.6875
1187.5
1179.6875
1164.0625
1179.6875
1226.5625
1296.875
1289.0625
1382.8125
1429.6875
1382.8125
1414.0625
1382.8125
1343.75
1351.5625
1281.25
1273.4375
1289.0625
1242.1875
1265.625
1289.0625
1281.25
1257.8125
1273.4375
1304.6875
1257.8125
1328.125
1367.1875
1320.3125
1390.625
1382.8125
1343.75
1406.25
1382.8125
1320.3125
1375.0
1398.4375
1335.9375
1406.25
1390.625
1273.4375
1328.125
1406.25
1382.8125
1375.0
1390.625
1375.0
1398.4375
1335.9375
1390.625
1343.75
1257.8125
1312.5
1296.875
1226.5625
1289.0625
1335.9375
1289.0625
1367.1875
1406.25
1343.75
1382.8125
1390.625
1335.9375
1382.8125
1398.4375
1390.625
1351.5625
1312.5
1328.125
1312.5
1210.9375
1265.625
1289.0625
1273.4375
1367.1875
1421.875
1375.0
1429.6875
1390.625
1375.0
1351.5625
1367.1875
1218.75
1234.375
1304.6875
1375.0
1296.875
1273.4375
1406.25
1414.0625
1328.125
1390.625
1390.625
1335.9375
1390.625
1351.5625
1273.4375
1421.875
1382.8125
1421.875
1367.1875
1359.375
1437.5
1492.1875
1398.4375
1445.3125
1437.5
1359.375
1390.625
1359.375
1257.8125
1289.0625
1265.625
1234.375
1343.75
1335.9375
1421.875
1515.625
1429.6875
1460.9375
1484.375
1445.3125
1304.6875
1226.5625
1164.0625
1140.625
1101.5625
1132.8125
1171.875
1148.4375
1257.8125
1304.6875
1289.0625
1421.875
1390.625
1359.375
1375.0
1359.375
1312.5
1304.6875
1250.0
1234.375
1257.8125
1273.4375
1304.6875
1312.5
1320.3125
1312.5
1351.5625
1343.75
1320.3125
1343.75
1382.8125
1296.875
1367.1875
1367.1875
1320.3125
1320.3125
1328.125
1265.625
1343.75
1359.375
1312.5
1367.1875
1328.125
1304.6875
1343.75
1320.3125
1296.875
1328.125
1351.5625
1234.375
1304.6875
1296.875
1250.0
1304.6875
1320.3125
1289.0625
1335.9375
1375.0
1312.5
1351.5625
1359.375
1296.875
1312.5
1234.375
1265.625
1242.1875
1187.5
1210.9375
1234.375
1359.375
1359.375
1375.0
1460.9375
1531.25
1445.3125
1390.625
1367.1875
1320.3125
1335.9375
1296.875
1312.5
1312.5
1242.1875
1320.3125
1375.0
1328.125
1382.8125
1398.4375
843.75
1570.3125
1375.0
1367.1875
1421.875
1382.8125
1453.125
1632.8125
1585.9375
1492.1875
1382.8125
1421.875
1437.5
