1593.75
1562.5
1539.0625
1507.8125
1492.1875
1539.0625
1515.625
1507.8125
1468.75
1382.8125
1343.75
1406.25
1335.9375
1203.125
1289.0625
1515.625
1664.0625
1507.8125
1875.0
1523.4375
1515.625
1562.5
1484.375
1390.625
1500.0
1476.5625
1500.0
1492.1875
1476.5625
1484.375
1570.3125
1562.5
1554.6875
1593.75
1484.375
1492.1875
1468.75
1500.0
1640.625
1570.3125
1484.375
1531.25
1523.4375
1476.5625
1398.4375
1437.5
1445.3125
1359.375
1296.875
1515.625
1484.375
1406.25
1546.875
1648.4375
1437.5
1453.125
1515.625
1460.9375
1429.6875
1515.625
1398.4375
1382.8125
1398.4375
1414.0625
1468.75
1523.4375
1546.875
1507.8125
1515.625
1539.0625
1507.8125
1507.8125
1492.1875
1453.125
1437.5
1445.3125
1445.3125
1429.6875
1492.1875
1515.625
1484.375
1382.8125
1437.5
1554.6875
1492.1875
1406.25
1601.5625
1468.75
1453.125
1531.25
1492.1875
1445.3125
1414.0625
1476.5625
1460.9375
1500.0
1546.875
1640.625
1578.125
1554.6875
1601.5625
1664.0625
1562.5
1523.4375
1539.0625
1539.0625
1476.5625
1437.5
1515.625
1562.5
1570.3125
1515.625
1468.75
1546.875
1523.4375
1500.0
1398.4375
1476.5625
1531.25
1445.3125
1343.75
1460.9375
1460.9375
1398.4375
1515.625
1484.375
1390.625
1500.0
1468.75
1367.1875
1484.375
1437.5
1492.1875
1601.5625
1585.9375
1570.3125
1546.875
1531.25
1515.625
1554.6875
1546.875
1523.4375
1531.25
1484.375
1585.9375
1531.25
1523.4375
1460.9375
1515.625
1515.625
1390.625
1359.375
1437.5
1500.0
1429.6875
1375.0
1578.125
1500.0
1390.625
1492.1875
1445.3125
1398.4375
1531.25
1578.125
1546.875
1453.125
1570.3125
1562.5
1562.5
1515.625
1484.375
1570.3125
1531.25
1468.75
1500.0
1484.375
1523.4375
1484.375
1492.1875
1460.9375
1531.25
1507.8125
1468.75
1406.25
1437.5
1453.125
1390.625
1335.9375
1484.375
1468.75
1351.5625
1515.625
1539.0625
1414.0625
1328.125
1375.0
1382.8125
1351.5625
1437.5
1554.6875
1468.75
1460.9375
1484.375
1507.8125
1453.125
1453.125
1507.8125
1531.25
1492.1875
1539.0625
1546.875
1507.8125
1476.5625
1414.0625
1421.875
1460.9375
1507.8125
1421.875
1523.4375
1531.25
1578.125
1500.0
1546.875
1570.3125
1500.0
1460.9375
1625.0
1570.3125
1507.8125
1554.6875
1523.4375
1476.5625
1585.9375
1593.75
1468.75
1609.375
1554.6875
1476.5625
1523.4375
1476.5625
1429.6875
1484.375
1500.0
1406.25
1406.25
1398.4375
1328.125
1335.9375
1343.75
1398.4375
1523.4375
1492.1875
1390.625
1484.375
1445.3125
1414.0625
1375.0
1453.125
1492.1875
1453.125
1406.25
1523.4375
1476.5625
1421.875
1531.25
1625.0
1625.0
1484.375
1562.5
1484.375
1453.125
1617.1875
1703.125
1523.4375
1539.0625
1640.625
1500.0
1453.125
1507.8125
1484.375
1421.875
1515.625
1554.6875
1476.5625
1554.6875
1531.25
1507.8125
1484.375
1609.375
1546.875
1492.1875
1507.8125
1476.5625
1437.5
1609.375
1539.0625
1492.1875
1460.9375
1531.25
1554.6875
1460.9375
1414.0625
1468.75
1484.375
1468.75
1625.0
1539.0625
1460.9375
1476.5625
1453.125
1421.875
1507.8125
1539.0625
1445.3125
1421.875
1554.6875
1562.5
1453.125
1609.375
1570.3125
1546.875
1468.75
1562.5
1484.375
1375.0
1484.375
1445.3125
1375.0
1437.5
1468.75
1484.375
1437.5
1570.3125
1539.0625
1453.125
1398.4375
1507.8125
1507.8125
1460.9375
1398.4375
1539.0625
1460.9375
1375.0
1453.125
1468.75
1445.3125
1523.4375
1578.125
1414.0625
1375.0
1601.5625
1539.0625
1632.8125
1789.0625
1640.625
1539.0625
1593.75
1515.625
1484.375
1492.1875
1468.75
1437.5
1492.1875
1515.625
1468.75
1445.3125
1515.625
1484.375
1414.0625
1453.125
1500.0
1421.875
1453.125
1578.125
1515.625
1500.0
1617.1875
1507.8125
1460.9375
1531.25
1523.4375
1429.6875
1539.0625
1570.3125
1507.8125
1445.3125
1585.9375
1492.1875
1429.6875
1531.25
1484.375
1398.4375
1500.0
1492.1875
1453.125
1398.4375
1445.3125
1429.6875
1398.4375
1500.0
1500.0
1445.3125
1421.875
1578.125
1476.5625
1476.5625
1593.75
1531.25
1515.625
1437.5
1492.1875
1523.4375
1476.5625
1453.125
1515.625
1515.625
1414.0625
1523.4375
1578.125
1421.875
1617.1875
1601.5625
1460.9375
1578.125
1539.0625
1382.8125
1437.5
1445.3125
1414.0625
1437.5
1554.6875
1500.0
1453.125
1468.75
1437.5
1484.375
1609.375
1578.125
1656.25
1648.4375
1531.25
1539.0625
1593.75
1695.3125
1578.125
1429.6875
1562.5
1625.0
1562.5
1476.5625
1554.6875
1554.6875
1484.375
1437.5
1601.5625
1578.125
1546.875
1453.125
1609.375
1578.125
1500.0
1398.4375
1484.375
1523.4375
1476.5625
1570.3125
1609.375
1531.25
1437.5
1593.75
1593.75
1492.1875
1406.25
1453.125
1507.8125
1445.3125
1445.3125
1445.3125
1562.5
1578.125
1460.9375
1406.25
1476.5625
1484.375
1398.4375
1507.8125
1468.75
1445.3125
1445.3125
1523.4375
1515.625
1421.875
1507.8125
1539.0625
1429.6875
1429.6875
1523.4375
1546.875
1476.5625
1414.0625
1531.25
1531.25
1429.6875
1523.4375
1523.4375
1515.625
1437.5
1593.75
1539.0625
1460.9375
1515.625
1554.6875
1484.375
1460.9375
1476.5625
1468.75
1421.875
1500.0
1515.625
1437.5
1460.9375
1507.8125
1476.5625
1390.625
1562.5
1421.875
1406.25
1500.0
1500.0
1546.875
1578.125
1562.5
1500.0
1601.5625
1531.25
1437.5
1492.1875
1421.875
1429.6875
1617.1875
1515.625
1492.1875
1460.9375
1492.1875
1390.625
1500.0
1406.25
1515.625
1648.4375
1507.8125
1531.25
1539.0625
1507.8125
1429.6875
1546.875
1554.6875
1500.0
1437.5
1539.0625
1593.75
1515.625
1460.9375
1570.3125
1570.3125
1460.9375
1523.4375
1515.625
1453.125
1406.25
1500.0
1554.6875
1445.3125
1570.3125
1523.4375
1468.75
1414.0625
1554.6875
1453.125
1398.4375
1484.375
1515.625
1507.8125
1429.6875
1523.4375
1437.5
1406.25
1492.1875
1476.5625
1398.4375
1523.4375
1507.8125
1476.5625
1375.0
1492.1875
1492.1875
1445.3125
1625.0
1523.4375
1460.9375
1523.4375
1492.1875
1453.125
1539.0625
1492.1875
1429.6875
1601.5625
1531.25
1414.0625
1437.5
1515.625
1476.5625
1429.6875
1523.4375
1523.4375
1453.125
1437.5
1570.3125
1523.4375
1492.1875
1523.4375
1453.125
1429.6875
1531.25
1507.8125
1414.0625
1492.1875
1523.4375
1554.6875
1421.875
1492.1875
1515.625
1406.25
1468.75
1523.4375
1500.0
1390.625
1531.25
1554.6875
1437.5
1531.25
1531.25
1453.125
1460.9375
1507.8125
1460.9375
1429.6875
1562.5
1476.5625
1460.9375
1468.75
1507.8125
1476.5625
1500.0
1453.125
1484.375
1531.25
1515.625
1453.125
1585.9375
1507.8125
1437.5
1375.0
1593.75
1500.0
1351.5625
1398.4375
1304.6875
1312.5
1328.125
1320.3125
1328.125
1507.8125
1468.75
1414.0625
1500.0
1414.0625
1367.1875
1437.5
1429.6875
1335.9375
1429.6875
1414.0625
1382.8125
1453.125
1460.9375
1484.375
1500.0
1515.625
1437.5
1421.875
1531.25
1539.0625
1539.0625
1554.6875
1656.25
1601.5625
1515.625
1570.3125
1500.0
1500.0
1585.9375
1578.125
1460.9375
1500.0
1539.0625
1578.125
1445.3125
1601.5625
1554.6875
1453.125
1570.3125
1578.125
1468.75
1429.6875
1593.75
1570.3125
1484.375
1500.0
1562.5
1515.625
1382.8125
1437.5
1468.75
1515.625
1492.1875
1492.1875
1406.25
1656.25
1500.0
1500.0
1539.0625
1523.4375
1523.4375
1562.5
1515.625
1539.0625
1539.0625
1484.375
1460.9375
1585.9375
1515.625
1437.5
1570.3125
1523.4375
1453.125
1492.1875
1476.5625
1460.9375
1406.25
1531.25
1500.0
1320.3125
1343.75
1351.5625
1296.875
1359.375
1281.25
1304.6875
1250.0
1281.25
1382.8125
1375.0
1367.1875
1445.3125
1429.6875
1429.6875
1460.9375
1460.9375
1429.6875
1492.1875
1429.6875
1476.5625
1601.5625
1492.1875
1468.75
1523.4375
1515.625
1453.125
1531.25
1539.0625
1539.0625
1515.625
1476.5625
1601.5625
1546.875
1507.8125
1617.1875
1601.5625
1492.1875
1562.5
1570.3125
1484.375
1445.3125
1562.5
1500.0
1453.125
1484.375
1468.75
1429.6875
1484.375
1539.0625
1539.0625
1523.4375
1414.0625
1414.0625
1507.8125
1617.1875
1523.4375
1796.875
1601.5625
1507.8125
1593.75
1523.4375
1476.5625
1515.625
1500.0
1375.0
1484.375
1515.625
1460.9375
1539.0625
1546.875
1492.1875
1585.9375
1640.625
1507.8125
1453.125
1531.25
1500.0
1437.5
1570.3125
1460.9375
1429.6875
1515.625
1460.9375
1429.6875
1476.5625
1460.9375
1421.875
1562.5
1515.625
1492.1875
1570.3125
1437.5
1437.5
1460.9375
1554.6875
1570.3125
1617.1875
1531.25
1507.8125
1585.9375
1562.5
1460.9375
1546.875
1515.625
1445.3125
1398.4375
1492.1875
1484.375
1468.75
1398.4375
1476.5625
1523.4375
1421.875
1437.5
1515.625
1476.5625
1453.125
1531.25
1546.875
1484.375
1500.0
1601.5625
1515.625
1617.1875
1484.375
1429.6875
1539.0625
1500.0
1429.6875
1515.625
1468.75
1429.6875
1554.6875
1484.375
1406.25
1515.625
1554.6875
1460.9375
1414.0625
1531.25
1507.8125
1437.5
1437.5
1523.4375
1460.9375
1437.5
1562.5
1562.5
1554.6875
1593.75
1585.9375
1468.75
1523.4375
1562.5
1476.5625
1429.6875
1523.4375
1468.75
1429.6875
1492.1875
1507.8125
1484.375
1406.25
1476.5625
1515.625
1460.9375
1398.4375
1492.1875
1476.5625
1414.0625
1414.0625
1468.75
1531.25
1468.75
1625.0
1578.125
1492.1875
1445.3125
1492.1875
1539.0625
1445.3125
1468.75
1546.875
1539.0625
1507.8125
1531.25
1539.0625
1398.4375
1554.6875
1523.4375
1476.5625
1515.625
1492.1875
1531.25
1437.5
1554.6875
1507.8125
1453.125
1375.0
1445.3125
1429.6875
1468.75
1515.625
1468.75
1421.875
1484.375
1421.875
1382.8125
1445.3125
1414.0625
1367.1875
1335.9375
1421.875
1468.75
1429.6875
1406.25
1429.6875
1296.875
1242.1875
1328.125
1437.5
1500.0
1578.125
1625.0
1554.6875
1578.125
1507.8125
1507.8125
1515.625
1453.125
1406.25
1406.25
1421.875
1367.1875
1523.4375
1531.25
1523.4375
1500.0
1656.25
1601.5625
1531.25
1500.0
1500.0
1523.4375
1554.6875
1507.8125
1617.1875
1578.125
1546.875
1468.75
1539.0625
1554.6875
1515.625
1445.3125
1570.3125
1500.0
1390.625
1500.0
1445.3125
1375.0
1515.625
1500.0
1390.625
1429.6875
1531.25
1492.1875
1414.0625
1500.0
1492.1875
1484.375
1554.6875
1500.0
1507.8125
1476.5625
1539.0625
1539.0625
1523.4375
1445.3125
1523.4375
1531.25
1398.4375
1421.875
1507.8125
1500.0
1523.4375
1476.5625
1539.0625
1546.875
1523.4375
1609.375
1484.375
1445.3125
1546.875
1546.875
1429.6875
1460.9375
1453.125
1382.8125
1468.75
1515.625
1507.8125
1476.5625
1554.6875
1500.0
1414.0625
1507.8125
1484.375
1421.875
1406.25
1445.3125
1445.3125
1398.4375
1453.125
1476.5625
1453.125
1359.375
1468.75
1460.9375
1359.375
1476.5625
1421.875
1390.625
1484.375
1507.8125
1445.3125
1460.9375
1523.4375
1468.75
1484.375
1523.4375
1531.25
1453.125
1625.0
1671.875
1554.6875
1531.25
1640.625
1718.75
1554.6875
1453.125
1554.6875
1554.6875
1453.125
1593.75
1523.4375
1437.5
1507.8125
1531.25
1468.75
1414.0625
1531.25
1500.0
1429.6875
1398.4375
1476.5625
1507.8125
1468.75
1398.4375
1484.375
1507.8125
1421.875
1351.5625
1445.3125
1421.875
1445.3125
1507.8125
1507.8125
960.9375
578.125
1757.8125
1710.9375
1570.3125
1445.3125
1468.75
1414.0625
1367.1875
1437.5
1453.125
1507.8125
1554.6875
1539.0625
1484.375
1523.4375
1546.875
1445.3125
1453.125
1515.625
1492.1875
1468.75
1523.4375
1523.4375
1523.4375
1664.0625
1523.4375
1382.8125
1523.4375
1437.5
1351.5625
1359.375
1304.6875
1343.75
1507.8125
1523.4375
1484.375
1546.875
1531.25
1476.5625
1500.0
1406.25
1437.5
1445.3125
1421.875
1382.8125
1492.1875
1468.75
1476.5625
1515.625
1578.125
1515.625
1468.75
1539.0625
1429.6875
1375.0
1500.0
1453.125
1421.875
1484.375
1460.9375
1539.0625
1757.8125
1539.0625
1531.25
1585.9375
1554.6875
1507.8125
1507.8125
1585.9375
1500.0
1445.3125
1515.625
1531.25
1453.125
1476.5625
1562.5
1453.125
1414.0625
1523.4375
1476.5625
1421.875
1523.4375
1500.0
1421.875
1375.0
1492.1875
1523.4375
1453.125
1656.25
1523.4375
1445.3125
1531.25
1562.5
1390.625
1421.875
1515.625
1468.75
1453.125
1406.25
1554.6875
1398.4375
1453.125
1585.9375
1539.0625
1507.8125
1585.9375
1578.125
1453.125
1531.25
1515.625
1500.0
1476.5625
1585.9375
1593.75
1539.0625
1609.375
1671.875
1562.5
1476.5625
1609.375
1539.0625
1476.5625
1554.6875
1476.5625
1453.125
1554.6875
1492.1875
1406.25
1453.125
1500.0
1429.6875
1375.0
1476.5625
1445.3125
1421.875
1578.125
1539.0625
1453.125
1570.3125
1500.0
1375.0
1453.125
1593.75
1570.3125
1507.8125
1578.125
1656.25
1492.1875
1445.3125
1515.625
1453.125
1390.625
1398.4375
1460.9375
1523.4375
1437.5
1453.125
1484.375
1500.0
1390.625
1531.25
1515.625
1515.625
1445.3125
1414.0625
1492.1875
1406.25
1515.625
1601.5625
1523.4375
1484.375
1562.5
1492.1875
1515.625
1570.3125
1531.25
1445.3125
1578.125
1531.25
1437.5
1539.0625
1484.375
1406.25
1539.0625
1515.625
1429.6875
1468.75
1617.1875
1445.3125
1531.25
1445.3125
1375.0
1343.75
1351.5625
1468.75
1398.4375
1367.1875
1507.8125
1445.3125
1398.4375
1453.125
1453.125
1390.625
1476.5625
1507.8125
1468.75
1476.5625
1625.0
1585.9375
1476.5625
1617.1875
1515.625
1445.3125
1593.75
1562.5
1523.4375
1429.6875
1546.875
1492.1875
1445.3125
1593.75
1515.625
1523.4375
1421.875
1539.0625
1523.4375
1453.125
1585.9375
1492.1875
1429.6875
1531.25
1453.125
1437.5
1296.875
1335.9375
1281.25
1250.0
1367.1875
1406.25
1351.5625
1500.0
1406.25
1382.8125
1554.6875
1437.5
1437.5
1476.5625
1445.3125
1484.375
1484.375
1484.375
1429.6875
1500.0
1570.3125
1453.125
1570.3125
1531.25
1515.625
1664.0625
1585.9375
1492.1875
1609.375
1609.375
1539.0625
1585.9375
1578.125
1523.4375
1523.4375
1578.125
1539.0625
1468.75
1625.0
1500.0
1398.4375
1523.4375
1632.8125
1609.375
1664.0625
1656.25
1656.25
1664.0625
1406.25
1281.25
1273.4375
1382.8125
1398.4375
1335.9375
1312.5
1273.4375
1195.3125
1234.375
1281.25
1203.125
1164.0625
1164.0625
1078.125
1234.375
1203.125
1187.5
1148.4375
1164.0625
1125.0
1179.6875
1234.375
1250.0
1187.5
1296.875
1429.6875
1312.5
1492.1875
1593.75
1515.625
1375.0
1414.0625
1500.0
1453.125
1312.5
1562.5
1632.8125
1562.5
1453.125
1562.5
1539.0625
1460.9375
1445.3125
1484.375
1445.3125
1414.0625
1500.0
1507.8125
1398.4375
1390.625
1421.875
1429.6875
1414.0625
1367.1875
1429.6875
1429.6875
1414.0625
1320.3125
1375.0
1382.8125
1335.9375
1312.5
1242.1875
1210.9375
1312.5
1226.5625
1265.625
1296.875
1289.0625
1304.6875
1375.0
1296.875
1242.1875
1328.125
1328.125
1359.375
1460.9375
1585.9375
1523.4375
1445.3125
1492.1875
1460.9375
1429.6875
1492.1875
1507.8125
1468.75
1359.375
1437.5
1531.25
1476.5625
1414.0625
1507.8125
1507.8125
1476.5625
1414.0625
1445.3125
1492.1875
1414.0625
1375.0
1382.8125
1414.0625
1390.625
1359.375
1414.0625
1437.5
1437.5
1390.625
1492.1875
1484.375
1476.5625
1421.875
1500.0
1570.3125
1421.875
1359.375
1414.0625
1273.4375
1304.6875
1281.25
1421.875
1453.125
1406.25
1523.4375
1539.0625
1445.3125
1351.5625
1421.875
1390.625
1351.5625
1367.1875
1421.875
1468.75
1515.625
1554.6875
1578.125
1382.8125
1437.5
1437.5
1437.5
1601.5625
1593.75
1593.75
1523.4375
1625.0
1531.25
1484.375
1429.6875
1492.1875
1507.8125
1398.4375
1421.875
1476.5625
1500.0
1429.6875
1507.8125
1570.3125
1507.8125
1414.0625
1500.0
1507.8125
1515.625
1406.25
1523.4375
1476.5625
1429.6875
1406.25
1460.9375
1484.375
1351.5625
1468.75
1515.625
1500.0
1492.1875
1617.1875
1539.0625
1476.5625
1492.1875
1429.6875
1398.4375
1460.9375
1437.5
1421.875
1390.625
1414.0625
1414.0625
1429.6875
1390.625
1429.6875
1507.8125
1531.25
1468.75
1578.125
1562.5
1453.125
1406.25
1382.8125
1507.8125
1500.0
1406.25
1507.8125
1593.75
1523.4375
1617.1875
1523.4375
1468.75
1460.9375
1453.125
1359.375
1414.0625
1414.0625
1343.75
1468.75
1414.0625
1468.75
1507.8125
1500.0
1437.5
1429.6875
1453.125
1460.9375
1437.5
1484.375
1500.0
1398.4375
1390.625
1414.0625
1476.5625
1453.125
1453.125
1492.1875
1507.8125
1507.8125
1414.0625
1414.0625
1359.375
1242.1875
1234.375
1164.0625
1195.3125
1187.5
1164.0625
1164.0625
1179.6875
1187.5
1187.5
1171.875
1164.0625
1140.625
1140.625
1093.75
1062.5
1039.0625
1046.875
1078.125
1250.0
1226.5625
1117.1875
1070.3125
1062.5
1023.4375
976.5625
953.125
968.75
945.3125
960.9375
992.1875
1101.5625
1273.4375
1328.125
1242.1875
1210.9375
1210.9375
1195.3125
1234.375
1281.25
1289.0625
1273.4375
1406.25
1406.25
1382.8125
1359.375
1375.0
1335.9375
1296.875
1242.1875
1250.0
1382.8125
1531.25
1414.0625
1539.0625
1554.6875
1578.125
1531.25
1539.0625
1679.6875
1593.75
1476.5625
1468.75
1492.1875
1484.375
1453.125
1414.0625
1468.75
1468.75
1382.8125
1468.75
1476.5625
1476.5625
1375.0
1437.5
1492.1875
1437.5
1343.75
1296.875
1273.4375
1421.875
1343.75
1445.3125
1562.5
1554.6875
1437.5
1515.625
1531.25
1500.0
1523.4375
1546.875
1562.5
1507.8125
1539.0625
1515.625
1539.0625
1554.6875
1507.8125
1585.9375
1546.875
1500.0
1414.0625
1507.8125
1484.375
1429.6875
1375.0
1406.25
1445.3125
1382.8125
1367.1875
1492.1875
1507.8125
1468.75
1476.5625
1523.4375
1500.0
1414.0625
1507.8125
1476.5625
1406.25
1437.5
1539.0625
1554.6875
1507.8125
1437.5
1507.8125
1539.0625
1507.8125
1437.5
1382.8125
1445.3125
1398.4375
1445.3125
1414.0625
1390.625
1468.75
1476.5625
1445.3125
1531.25
1453.125
1445.3125
1500.0
1382.8125
1351.5625
1421.875
1429.6875
1406.25
1625.0
1664.0625
1546.875
1539.0625
1554.6875
1523.4375
1484.375
1515.625
1585.9375
1539.0625
1515.625
1578.125
1476.5625
1398.4375
1429.6875
1476.5625
1367.1875
1429.6875
1507.8125
1460.9375
1406.25
1500.0
1500.0
1484.375
1460.9375
1484.375
1578.125
1500.0
1429.6875
1515.625
1546.875
1484.375
1453.125
1539.0625
1578.125
1492.1875
1406.25
1578.125
1523.4375
1484.375
1484.375
1539.0625
1460.9375
1289.0625
1343.75
1437.5
1437.5
1382.8125
1531.25
1570.3125
1492.1875
1554.6875
1546.875
1523.4375
1429.6875
1625.0
1578.125
1531.25
1609.375
1664.0625
1515.625
1562.5
1671.875
1609.375
1601.5625
1632.8125
1585.9375
1523.4375
1515.625
1562.5
1523.4375
1437.5
1523.4375
1609.375
1500.0
1421.875
1523.4375
1562.5
1468.75
1359.375
1375.0
1593.75
1507.8125
1429.6875
1453.125
1476.5625
1515.625
1593.75
1554.6875
1484.375
1546.875
1562.5
1554.6875
1546.875
1562.5
1523.4375
1593.75
1562.5
1531.25
1593.75
1593.75
1570.3125
1476.5625
1546.875
1500.0
1359.375
1398.4375
1429.6875
1367.1875
1625.0
1570.3125
1570.3125
1476.5625
1546.875
1476.5625
1390.625
1414.0625
1437.5
1546.875
1531.25
1757.8125
1734.375
1531.25
1460.9375
1406.25
1351.5625
1367.1875
1515.625
1546.875
1484.375
1546.875
1515.625
1453.125
1398.4375
1390.625
1390.625
1359.375
1453.125
1468.75
1421.875
1382.8125
1460.9375
1492.1875
1500.0
1429.6875
1531.25
1562.5
1484.375
1468.75
1554.6875
1570.3125
1492.1875
1484.375
1585.9375
1515.625
1625.0
1718.75
1640.625
1484.375
1578.125
1679.6875
1515.625
1523.4375
1601.5625
1531.25
1531.25
1601.5625
1601.5625
1531.25
1468.75
1585.9375
1523.4375
1429.6875
1570.3125
1578.125
1476.5625
1531.25
1367.1875
1515.625
1515.625
1500.0
1585.9375
1570.3125
1500.0
1546.875
1601.5625
1593.75
1531.25
1632.8125
1664.0625
1531.25
1484.375
1570.3125
1570.3125
1492.1875
1562.5
1609.375
1507.8125
1625.0
1554.6875
1406.25
1507.8125
1468.75
1414.0625
1554.6875
1531.25
1445.3125
1429.6875
1578.125
1601.5625
1468.75
1539.0625
1570.3125
1507.8125
1515.625
1546.875
1500.0
1414.0625
1492.1875
1484.375
1406.25
1320.3125
1335.9375
1257.8125
1296.875
1250.0
1351.5625
1351.5625
1531.25
1570.3125
1554.6875
1414.0625
1640.625
1640.625
1468.75
1468.75
1632.8125
1500.0
1335.9375
1351.5625
1335.9375
1359.375
1578.125
1601.5625
1765.625
1718.75
1617.1875
1500.0
1601.5625
1609.375
1601.5625
1570.3125
1640.625
1625.0
1570.3125
1484.375
1640.625
1617.1875
1546.875
1492.1875
1687.5
1648.4375
1601.5625
1484.375
1585.9375
1585.9375
1492.1875
1539.0625
1531.25
1468.75
1656.25
1617.1875
1476.5625
1406.25
1507.8125
1585.9375
1468.75
1484.375
1507.8125
1468.75
1367.1875
1437.5
1421.875
1375.0
1398.4375
1367.1875
1546.875
1648.4375
1539.0625
1500.0
1539.0625
1585.9375
1507.8125
1578.125
1539.0625
1468.75
1437.5
1335.9375
1351.5625
1367.1875
1460.9375
1726.5625
1648.4375
1539.0625
1601.5625
1656.25
1531.25
1437.5
1632.8125
1601.5625
1492.1875
1796.875
1640.625
1515.625
1695.3125
1585.9375
1507.8125
1656.25
1585.9375
1523.4375
1476.5625
1593.75
1726.5625
1648.4375
1554.6875
1640.625
1593.75
1523.4375
1546.875
1539.0625
1593.75
1507.8125
1523.4375
1664.0625
1546.875
1500.0
1679.6875
1554.6875
1437.5
1398.4375
1492.1875
1500.0
1421.875
1687.5
1617.1875
1531.25
1484.375
1585.9375
1546.875
1453.125
1375.0
1351.5625
1351.5625
1265.625
1265.625
1234.375
1375.0
1296.875
1382.8125
1382.8125
1367.1875
1320.3125
1429.6875
1539.0625
1570.3125
1562.5
1703.125
1664.0625
1554.6875
1585.9375
1695.3125
1656.25
1585.9375
1601.5625
1773.4375
1726.5625
1632.8125
1515.625
1640.625
1632.8125
1562.5
1492.1875
1601.5625
1539.0625
1390.625
1367.1875
1351.5625
1320.3125
1640.625
1609.375
1539.0625
1578.125
1492.1875
1468.75
1414.0625
1523.4375
1507.8125
1460.9375
1500.0
1640.625
1617.1875
1593.75
1570.3125
1570.3125
1515.625
1492.1875
1695.3125
1640.625
1523.4375
1679.6875
1601.5625
1570.3125
1546.875
1531.25
1476.5625
1445.3125
1601.5625
1648.4375
1507.8125
1484.375
1531.25
1523.4375
1445.3125
1640.625
1625.0
1406.25
1359.375
1367.1875
1351.5625
1281.25
1257.8125
1398.4375
1460.9375
1421.875
1296.875
1390.625
1468.75
1460.9375
1429.6875
1515.625
1546.875
1515.625
1539.0625
1640.625
1585.9375
1578.125
1445.3125
1523.4375
1601.5625
1507.8125
1750.0
1679.6875
1601.5625
1531.25
1625.0
1625.0
1515.625
1343.75
1429.6875
1437.5
1460.9375
1875.0
1609.375
1546.875
1640.625
1617.1875
1507.8125
1570.3125
1539.0625
1484.375
1468.75
1484.375
1515.625
1468.75
1445.3125
1398.4375
1328.125
1367.1875
1320.3125
1265.625
1328.125
1351.5625
1484.375
1593.75
1617.1875
1492.1875
1468.75
1484.375
1429.6875
1429.6875
1570.3125
1570.3125
1515.625
1570.3125
1703.125
1601.5625
1484.375
1562.5
1609.375
1562.5
1546.875
1570.3125
1585.9375
1562.5
1671.875
1625.0
1625.0
1515.625
1484.375
1554.6875
1570.3125
1492.1875
1421.875
1523.4375
1546.875
1468.75
1515.625
1562.5
1468.75
1281.25
1335.9375
1304.6875
1257.8125
1343.75
1242.1875
1304.6875
1359.375
1390.625
1273.4375
1359.375
1398.4375
1468.75
1492.1875
1453.125
1671.875
1601.5625
1609.375
1593.75
1726.5625
1710.9375
1687.5
1531.25
1687.5
1593.75
1539.0625
1531.25
1687.5
1546.875
1437.5
1515.625
1523.4375
1554.6875
1414.0625
1468.75
1453.125
1429.6875
1539.0625
1523.4375
1476.5625
1539.0625
1484.375
1398.4375
1492.1875
1460.9375
1382.8125
1625.0
1718.75
1546.875
1609.375
1531.25
1546.875
1656.25
1562.5
1484.375
1523.4375
1492.1875
1500.0
1468.75
1523.4375
1554.6875
1531.25
1578.125
1546.875
1492.1875
1562.5
1562.5
1515.625
1390.625
1476.5625
1539.0625
1500.0
1429.6875
1570.3125
1546.875
1437.5
1445.3125
1546.875
1453.125
1359.375
1453.125
1414.0625
1445.3125
1445.3125
1468.75
1367.1875
1382.8125
1460.9375
1460.9375
1570.3125
1562.5
1414.0625
1460.9375
1570.3125
1679.6875
1648.4375
1523.4375
1585.9375
1617.1875
1546.875
1625.0
1531.25
1414.0625
1460.9375
1640.625
1625.0
1539.0625
1632.8125
1687.5
1585.9375
1640.625
1695.3125
1664.0625
1570.3125
1421.875
1476.5625
1398.4375
1390.625
1632.8125
1539.0625
1484.375
1632.8125
1570.3125
1468.75
1578.125
1531.25
1539.0625
1585.9375
1507.8125
1554.6875
1601.5625
1546.875
1484.375
1679.6875
1656.25
1601.5625
1679.6875
1632.8125
1554.6875
1515.625
1554.6875
1554.6875
1460.9375
1515.625
1570.3125
1492.1875
1484.375
1507.8125
1562.5
1500.0
1453.125
1570.3125
1585.9375
1507.8125
1437.5
1515.625
1546.875
1414.0625
1531.25
1492.1875
1437.5
1390.625
1351.5625
1351.5625
1390.625
1687.5
1593.75
1625.0
1625.0
1539.0625
1539.0625
1640.625
1554.6875
1460.9375
1570.3125
1617.1875
1593.75
1617.1875
1523.4375
1515.625
1664.0625
1804.6875
1710.9375
1664.0625
1726.5625
1617.1875
1507.8125
1500.0
1507.8125
1515.625
1453.125
1531.25
1562.5
1562.5
1453.125
1562.5
1546.875
1414.0625
1421.875
1390.625
1265.625
1273.4375
1250.0
1218.75
1234.375
1226.5625
1320.3125
1265.625
1468.75
1492.1875
1484.375
1351.5625
1414.0625
1421.875
1429.6875
1687.5
1687.5
1609.375
1570.3125
1671.875
1687.5
1578.125
1554.6875
1617.1875
1625.0
1523.4375
1476.5625
1578.125
1609.375
1609.375
1648.4375
1671.875
1546.875
1421.875
1593.75
1492.1875
1429.6875
1367.1875
1468.75
1398.4375
1359.375
1554.6875
1562.5
1593.75
1648.4375
1562.5
1453.125
1476.5625
1406.25
1460.9375
1710.9375
1718.75
1718.75
1593.75
1500.0
1656.25
1765.625
1656.25
1531.25
1648.4375
1656.25
1679.6875
1671.875
1648.4375
1609.375
1539.0625
1351.5625
1382.8125
1375.0
1335.9375
1328.125
1382.8125
1289.0625
1406.25
1351.5625
1539.0625
1570.3125
1476.5625
1500.0
1640.625
1640.625
1484.375
1703.125
1710.9375
1656.25
1578.125
1468.75
1687.5
1570.3125
1664.0625
1562.5
1515.625
1562.5
1539.0625
1468.75
1585.9375
1656.25
1484.375
1476.5625
1632.8125
1554.6875
1500.0
1625.0
1578.125
1453.125
1398.4375
1562.5
1648.4375
1484.375
1398.4375
1492.1875
1554.6875
1546.875
1445.3125
1507.8125
1515.625
1484.375
1429.6875
1703.125
1609.375
1609.375
1718.75
1585.9375
1445.3125
1351.5625
1367.1875
1312.5
1257.8125
1468.75
1429.6875
1335.9375
1335.9375
1312.5
1304.6875
1242.1875
1257.8125
1289.0625
1265.625
1359.375
1460.9375
1359.375
1453.125
1546.875
1492.1875
1539.0625
1453.125
1593.75
1578.125
1351.5625
1304.6875
1289.0625
1257.8125
1234.375
1171.875
1117.1875
1132.8125
1015.625
976.5625
960.9375
937.5
929.6875
953.125
984.375
1015.625
1593.75
1453.125
1468.75
1562.5
1406.25
1382.8125
1414.0625
1304.6875
1390.625
1453.125
1273.4375
1351.5625
1304.6875
1335.9375
1304.6875
1429.6875
1468.75
1695.3125
1648.4375
1585.9375
1554.6875
1804.6875
1703.125
1562.5
1601.5625
1460.9375
1570.3125
1812.5
1679.6875
1578.125
1539.0625
1664.0625
1656.25
1601.5625
1546.875
1578.125
1640.625
1578.125
1601.5625
1617.1875
1523.4375
1468.75
1507.8125
1562.5
1492.1875
1468.75
1554.6875
1492.1875
1460.9375
1523.4375
1507.8125
1453.125
1500.0
1484.375
1421.875
1460.9375
1398.4375
1328.125
1343.75
1398.4375
1406.25
1437.5
1585.9375
1515.625
1429.6875
1515.625
1500.0
1507.8125
1562.5
1585.9375
1539.0625
1625.0
1585.9375
1570.3125
1585.9375
1562.5
1500.0
1539.0625
1625.0
1531.25
1617.1875
1515.625
1476.5625
1617.1875
1492.1875
1406.25
1476.5625
1453.125
1382.8125
1507.8125
1437.5
1382.8125
1484.375
1460.9375
1382.8125
1570.3125
1476.5625
1445.3125
1593.75
1617.1875
1437.5
1585.9375
1507.8125
1468.75
1484.375
1523.4375
1507.8125
1468.75
1539.0625
1515.625
1492.1875
1460.9375
1781.25
1585.9375
1546.875
1601.5625
1523.4375
1515.625
1554.6875
1507.8125
1421.875
1500.0
1375.0
1343.75
1281.25
1359.375
1351.5625
1718.75
1484.375
1523.4375
1523.4375
1640.625
1484.375
1507.8125
1687.5
1601.5625
1468.75
1476.5625
1453.125
1507.8125
1453.125
1734.375
1601.5625
1679.6875
1640.625
1554.6875
1460.9375
1617.1875
1570.3125
1523.4375
1601.5625
1523.4375
1484.375
1593.75
1523.4375
1570.3125
1601.5625
1593.75
1492.1875
1539.0625
1500.0
1429.6875
1523.4375
1500.0
1398.4375
1632.8125
1507.8125
1429.6875
1554.6875
1570.3125
1523.4375
1515.625
1593.75
1625.0
1570.3125
1515.625
1640.625
1617.1875
1539.0625
1570.3125
1585.9375
1570.3125
1515.625
1687.5
1515.625
1453.125
1460.9375
1539.0625
1617.1875
1484.375
1648.4375
1578.125
1460.9375
1593.75
1609.375
1523.4375
1437.5
1492.1875
1500.0
1507.8125
1460.9375
1546.875
1531.25
1507.8125
1429.6875
1492.1875
1468.75
1421.875
1421.875
1406.25
1468.75
1539.0625
1468.75
1562.5
1429.6875
1437.5
1468.75
1445.3125
1390.625
1460.9375
1437.5
1421.875
1492.1875
1414.0625
1476.5625
1484.375
1515.625
1726.5625
1695.3125
1656.25
1578.125
1687.5
1585.9375
1531.25
1523.4375
1554.6875
1609.375
1507.8125
1453.125
1585.9375
1609.375
1539.0625
1531.25
1515.625
1539.0625
1656.25
1632.8125
1523.4375
1789.0625
1609.375
1609.375
1570.3125
1460.9375
1523.4375
1718.75
1523.4375
1523.4375
1578.125
1375.0
1367.1875
1382.8125
1359.375
1476.5625
1476.5625
1429.6875
1445.3125
1398.4375
1546.875
1414.0625
1421.875
1468.75
1453.125
1523.4375
1515.625
1492.1875
1507.8125
1468.75
1570.3125
1609.375
1578.125
1492.1875
1546.875
1609.375
1570.3125
1437.5
1562.5
1710.9375
1632.8125
1531.25
1632.8125
1570.3125
1507.8125
1609.375
1507.8125
1429.6875
1562.5
1492.1875
1468.75
1523.4375
1531.25
1531.25
1687.5
1601.5625
1593.75
1609.375
1742.1875
1593.75
1476.5625
1703.125
1609.375
1453.125
1492.1875
1429.6875
1562.5
1843.75
1687.5
1671.875
1734.375
1625.0
1492.1875
1445.3125
1445.3125
1554.6875
1601.5625
1710.9375
1765.625
1679.6875
1656.25
1679.6875
1632.8125
1562.5
1734.375
1742.1875
1632.8125
1492.1875
1750.0
1609.375
1531.25
1468.75
1539.0625
1554.6875
1562.5
1476.5625
1507.8125
1617.1875
1484.375
1640.625
1546.875
1531.25
1632.8125
1601.5625
1492.1875
1648.4375
1507.8125
1398.4375
1531.25
1593.75
1523.4375
1648.4375
1671.875
1531.25
1523.4375
1562.5
1531.25
1437.5
1445.3125
1437.5
1507.8125
1859.375
1601.5625
1718.75
1710.9375
1656.25
1656.25
1625.0
1546.875
1593.75
1617.1875
1617.1875
1523.4375
1539.0625
1507.8125
1484.375
1601.5625
1570.3125
1453.125
1593.75
1664.0625
1515.625
1570.3125
1679.6875
1601.5625
1515.625
1617.1875
1546.875
1492.1875
1476.5625
1710.9375
1632.8125
1500.0
1632.8125
1554.6875
1468.75
1570.3125
1679.6875
1531.25
1492.1875
1421.875
1460.9375
1460.9375
1664.0625
1617.1875
1609.375
1695.3125
1593.75
1601.5625
1679.6875
1640.625
1671.875
1710.9375
1531.25
1656.25
1687.5
1718.75
1554.6875
1492.1875
1570.3125
1523.4375
1507.8125
1468.75
1554.6875
1585.9375
1437.5
1507.8125
1562.5
1515.625
1460.9375
1703.125
1609.375
1507.8125
1687.5
1554.6875
1492.1875
1585.9375
1562.5
1476.5625
1414.0625
1507.8125
1609.375
1664.0625
1593.75
1492.1875
1679.6875
1632.8125
1593.75
1507.8125
1539.0625
1570.3125
1429.6875
1367.1875
1406.25
1367.1875
1367.1875
1460.9375
1476.5625
1437.5
1484.375
1453.125
1453.125
1421.875
1476.5625
1390.625
1398.4375
1484.375
1632.8125
1492.1875
1539.0625
1515.625
1531.25
1484.375
1554.6875
1523.4375
1414.0625
1578.125
1601.5625
1523.4375
1593.75
1554.6875
1617.1875
1570.3125
1585.9375
1617.1875
1585.9375
1492.1875
1585.9375
1531.25
1476.5625
1617.1875
1539.0625
1531.25
1554.6875
1367.1875
1468.75
1656.25
1570.3125
1718.75
1601.5625
1523.4375
1539.0625
1453.125
1390.625
1429.6875
1414.0625
1375.0
1421.875
1460.9375
1429.6875
1406.25
1523.4375
1382.8125
1390.625
1562.5
1742.1875
1601.5625
1593.75
1640.625
1523.4375
1609.375
1609.375
1500.0
1484.375
1578.125
1515.625
1445.3125
1507.8125
1523.4375
1476.5625
1453.125
1531.25
1476.5625
1539.0625
1679.6875
1609.375
1562.5
1578.125
1507.8125
1468.75
1593.75
1531.25
1468.75
1437.5
1539.0625
1609.375
1625.0
1617.1875
1531.25
1445.3125
1429.6875
1453.125
1406.25
1523.4375
1539.0625
1515.625
1671.875
1695.3125
1492.1875
1625.0
1632.8125
1507.8125
1515.625
1437.5
1359.375
1484.375
1437.5
1375.0
1476.5625
1445.3125
1421.875
1351.5625
1398.4375
1429.6875
1500.0
1484.375
1492.1875
1539.0625
1554.6875
1570.3125
1578.125
1515.625
1617.1875
1507.8125
1484.375
1492.1875
1539.0625
1406.25
1460.9375
1468.75
1398.4375
1367.1875
1429.6875
1484.375
1468.75
1429.6875
1507.8125
1531.25
1578.125
1562.5
1593.75
1562.5
1507.8125
1476.5625
1445.3125
1390.625
1414.0625
1429.6875
1445.3125
1375.0
1351.5625
1460.9375
1500.0
1375.0
1304.6875
1234.375
1242.1875
1218.75
1218.75
1234.375
1203.125
1226.5625
1281.25
1257.8125
1351.5625
1429.6875
1500.0
1523.4375
1484.375
1546.875
1593.75
1484.375
1468.75
1570.3125
1609.375
1515.625
1507.8125
1554.6875
1460.9375
1484.375
1484.375
1445.3125
1453.125
1453.125
1429.6875
1367.1875
1453.125
1406.25
1367.1875
1445.3125
1515.625
1578.125
1562.5
1585.9375
1773.4375
1585.9375
1570.3125
1515.625
1476.5625
1546.875
1492.1875
1437.5
1648.4375
1789.0625
1507.8125
1406.25
1460.9375
1398.4375
1414.0625
1531.25
1531.25
1742.1875
1671.875
1664.0625
1523.4375
1562.5
1617.1875
1578.125
1468.75
1640.625
1656.25
1578.125
1554.6875
1609.375
1546.875
1507.8125
1554.6875
1562.5
1695.3125
1656.25
1625.0
1664.0625
1648.4375
1531.25
1554.6875
1640.625
1523.4375
1570.3125
1656.25
1562.5
1453.125
1476.5625
1453.125
1390.625
1468.75
1507.8125
1421.875
1429.6875
1492.1875
1546.875
1484.375
1531.25
1546.875
1492.1875
1492.1875
1523.4375
1492.1875
1398.4375
1375.0
1320.3125
1320.3125
1304.6875
1257.8125
1703.125
1382.8125
1492.1875
1671.875
1570.3125
1500.0
1507.8125
1453.125
1390.625
1453.125
1531.25
1554.6875
1468.75
1500.0
1578.125
1515.625
1437.5
1492.1875
1500.0
1453.125
1484.375
1539.0625
1585.9375
1781.25
1718.75
1671.875
1750.0
1671.875
1750.0
1734.375
1617.1875
1562.5
1632.8125
1609.375
1515.625
1523.4375
1507.8125
1351.5625
1367.1875
1445.3125
1375.0
1351.5625
1687.5
1609.375
1492.1875
1570.3125
1539.0625
1492.1875
1445.3125
1554.6875
1523.4375
1281.25
1296.875
1320.3125
1265.625
1335.9375
1312.5
1328.125
1343.75
1375.0
1375.0
1382.8125
1406.25
1382.8125
1382.8125
1406.25
1429.6875
1421.875
1406.25
1351.5625
1343.75
1312.5
1203.125
1273.4375
1289.0625
1320.3125
1273.4375
1257.8125
1242.1875
1242.1875
1195.3125
1171.875
1140.625
1078.125
976.5625
1000.0
1093.75
1171.875
1109.375
1421.875
1351.5625
1421.875
1343.75
1515.625
1656.25
1656.25
1492.1875
1890.625
1726.5625
1671.875
1617.1875
1648.4375
1718.75
1718.75
1601.5625
1632.8125
1718.75
1609.375
1562.5
1531.25
1507.8125
1546.875
1437.5
1445.3125
1500.0
1492.1875
1468.75
1398.4375
1468.75
1468.75
1398.4375
1414.0625
1507.8125
1484.375
1484.375
1539.0625
1500.0
1468.75
1531.25
1468.75
1476.5625
1515.625
1507.8125
1484.375
1546.875
1531.25
1468.75
1500.0
1492.1875
1445.3125
1421.875
1507.8125
1570.3125
1492.1875
1539.0625
1523.4375
1492.1875
1468.75
1500.0
1515.625
1468.75
1476.5625
1539.0625
1531.25
1476.5625
1515.625
1445.3125
1437.5
1484.375
1562.5
1687.5
1570.3125
1593.75
1539.0625
1484.375
1476.5625
1539.0625
1492.1875
1515.625
1453.125
1492.1875
1531.25
1476.5625
1453.125
1484.375
1476.5625
1414.0625
1445.3125
1468.75
1484.375
1421.875
1500.0
1507.8125
1492.1875
1539.0625
1562.5
1546.875
1539.0625
1546.875
1500.0
1468.75
1531.25
1562.5
1460.9375
1531.25
1554.6875
1453.125
1367.1875
1476.5625
1539.0625
1507.8125
1515.625
1500.0
1484.375
1500.0
1523.4375
1546.875
1554.6875
1578.125
1640.625
1617.1875
1562.5
1601.5625
1484.375
1515.625
1585.9375
1531.25
1507.8125
1539.0625
1515.625
1445.3125
1453.125
1507.8125
1460.9375
1539.0625
1531.25
1468.75
1460.9375
1445.3125
1476.5625
1492.1875
1554.6875
1500.0
1437.5
1476.5625
1445.3125
1437.5
1328.125
1367.1875
1398.4375
1406.25
1328.125
1421.875
1539.0625
1515.625
1406.25
1445.3125
1476.5625
1421.875
1375.0
1460.9375
1507.8125
1476.5625
1468.75
1460.9375
1593.75
1507.8125
1429.6875
1390.625
1328.125
1375.0
1398.4375
1523.4375
1515.625
1453.125
1414.0625
1453.125
1414.0625
1453.125
1390.625
1476.5625
1460.9375
1539.0625
1601.5625
1554.6875
1468.75
1484.375
1515.625
1515.625
1523.4375
1492.1875
1406.25
1429.6875
1429.6875
1351.5625
1304.6875
1335.9375
1335.9375
1304.6875
1406.25
1375.0
1375.0
1414.0625
1406.25
1382.8125
1406.25
1414.0625
1398.4375
1375.0
1304.6875
1328.125
1289.0625
1343.75
1343.75
1296.875
1382.8125
1351.5625
1296.875
1343.75
1445.3125
1398.4375
1460.9375
1507.8125
1460.9375
1445.3125
1484.375
1476.5625
1375.0
1414.0625
1429.6875
1460.9375
1500.0
1523.4375
1539.0625
1523.4375
1531.25
1546.875
1484.375
1554.6875
1468.75
1523.4375
1578.125
1546.875
1531.25
1578.125
1476.5625
1460.9375
1492.1875
1523.4375
1484.375
1523.4375
1648.4375
1531.25
1476.5625
1492.1875
1468.75
1414.0625
1539.0625
1515.625
1445.3125
1570.3125
1648.4375
1531.25
1523.4375
1539.0625
1460.9375
1437.5
1484.375
1554.6875
1500.0
1492.1875
1500.0
1507.8125
1476.5625
1421.875
1500.0
1562.5
1476.5625
1468.75
1507.8125
1460.9375
1437.5
1406.25
1429.6875
1382.8125
1351.5625
1414.0625
1406.25
1289.0625
1312.5
1390.625
1437.5
1429.6875
1531.25
1546.875
1460.9375
1445.3125
1531.25
1578.125
1468.75
1500.0
1539.0625
1500.0
1437.5
1468.75
1570.3125
1625.0
1585.9375
1656.25
1617.1875
1562.5
1468.75
1562.5
1585.9375
1531.25
1484.375
1484.375
1492.1875
1437.5
1453.125
1500.0
1445.3125
1414.0625
1375.0
1320.3125
1218.75
1210.9375
1187.5
1171.875
1140.625
1023.4375
1132.8125
1039.0625
1085.9375
1070.3125
1078.125
1062.5
1031.25
1000.0
968.75
945.3125
937.5
1023.4375
1484.375
1382.8125
1523.4375
1562.5
1617.1875
1617.1875
1726.5625
1687.5
1593.75
1609.375
1531.25
1515.625
1570.3125
1468.75
1335.9375
1476.5625
1460.9375
1312.5
1476.5625
1500.0
1390.625
1390.625
1617.1875
1460.9375
1398.4375
1484.375
1476.5625
1398.4375
1507.8125
1531.25
1476.5625
1484.375
1546.875
1460.9375
1492.1875
1460.9375
1546.875
1554.6875
1539.0625
1492.1875
1476.5625
1484.375
1500.0
1500.0
1507.8125
1523.4375
1515.625
1453.125
1484.375
1570.3125
1656.25
1562.5
1546.875
1671.875
1570.3125
1585.9375
1656.25
1578.125
1562.5
1632.8125
1507.8125
1476.5625
1554.6875
1515.625
1492.1875
1507.8125
1515.625
1453.125
1523.4375
1562.5
1507.8125
1437.5
1570.3125
1515.625
1468.75
1445.3125
1468.75
1476.5625
1453.125
1375.0
1437.5
1460.9375
1437.5
1414.0625
1460.9375
1476.5625
1421.875
1406.25
1460.9375
1437.5
1453.125
1429.6875
1414.0625
1476.5625
1414.0625
1429.6875
1546.875
1468.75
1437.5
1492.1875
1515.625
1437.5
1468.75
1500.0
1429.6875
1468.75
1492.1875
1500.0
1468.75
1515.625
1468.75
1437.5
1453.125
1460.9375
1500.0
1406.25
1382.8125
1492.1875
1460.9375
1398.4375
1414.0625
1445.3125
1507.8125
1468.75
1359.375
1460.9375
1460.9375
1421.875
1414.0625
1500.0
1507.8125
1601.5625
1507.8125
1523.4375
1492.1875
1460.9375
1500.0
1546.875
1476.5625
1429.6875
1585.9375
1570.3125
1476.5625
1445.3125
1531.25
1500.0
1476.5625
1453.125
1539.0625
1507.8125
1460.9375
1437.5
1453.125
1476.5625
1554.6875
1507.8125
1484.375
1523.4375
1453.125
1398.4375
1453.125
1468.75
1445.3125
1421.875
1492.1875
1453.125
1453.125
1414.0625
1539.0625
1476.5625
1539.0625
1609.375
1585.9375
1500.0
1500.0
1492.1875
1437.5
1539.0625
1554.6875
1484.375
1398.4375
1500.0
1539.0625
1507.8125
1460.9375
1421.875
1500.0
1554.6875
1515.625
1476.5625
1507.8125
1500.0
1414.0625
1515.625
1554.6875
1500.0
1492.1875
1484.375
1421.875
1453.125
1429.6875
1382.8125
1406.25
1429.6875
1351.5625
1507.8125
1656.25
1585.9375
1523.4375
1546.875
1515.625
1507.8125
1546.875
1484.375
1492.1875
1500.0
1406.25
1453.125
1445.3125
1554.6875
1656.25
1640.625
1671.875
1585.9375
1437.5
1500.0
1507.8125
1382.8125
1500.0
1851.5625
1421.875
1335.9375
1375.0
1414.0625
1359.375
1437.5
1414.0625
1320.3125
1367.1875
1359.375
1343.75
1335.9375
1414.0625
1414.0625
1468.75
1445.3125
1484.375
1546.875
1554.6875
695.3125
1929.6875
1562.5
1523.4375
1625.0
1562.5
1523.4375
1468.75
1523.4375
1554.6875
1593.75
1640.625
1539.0625
1562.5
1617.1875
1617.1875
1585.9375
1601.5625
1585.9375
1500.0
1648.4375
1585.9375
1523.4375
1562.5
1601.5625
1500.0
1406.25
1429.6875
1445.3125
1437.5
1492.1875
1601.5625
1515.625
1570.3125
1609.375
1562.5
1546.875
1617.1875
1523.4375
1406.25
1507.8125
1570.3125
1460.9375
1304.6875
1328.125
1421.875
1359.375
1429.6875
1484.375
1437.5
1414.0625
1468.75
1539.0625
1601.5625
1554.6875
1578.125
1593.75
1593.75
1507.8125
1546.875
1593.75
1617.1875
1585.9375
1523.4375
1539.0625
1570.3125
1507.8125
1507.8125
1570.3125
1578.125
1484.375
1437.5
1539.0625
1539.0625
1476.5625
1507.8125
1523.4375
1468.75
1382.8125
1468.75
1523.4375
1445.3125
1578.125
1609.375
1562.5
1484.375
1546.875
1507.8125
1437.5
1484.375
1570.3125
1515.625
1492.1875
1414.0625
1492.1875
1492.1875
1531.25
1515.625
1460.9375
1523.4375
1500.0
1484.375
1507.8125
1398.4375
1437.5
1437.5
1492.1875
1468.75
1570.3125
1640.625
1531.25
1507.8125
1445.3125
1484.375
1476.5625
1398.4375
1414.0625
1429.6875
1398.4375
1484.375
